# stan_version_major = 2
# stan_version_minor = 36
# stan_version_patch = 0
# model = model_e4a7eeb0354675692635eec86e4e72e0_model
# start_datetime = 2025-04-13 09:07:09 UTC
# method = sample (Default)
#   sample
#     num_samples = 1000 (Default)
#     num_warmup = 1000 (Default)
#     save_warmup = false (Default)
#     thin = 1 (Default)
#     adapt
#       engaged = true (Default)
#       gamma = 0.05 (Default)
#       delta = 0.8 (Default)
#       kappa = 0.75 (Default)
#       t0 = 10 (Default)
#       init_buffer = 75 (Default)
#       term_buffer = 50 (Default)
#       window = 25 (Default)
#       save_metric = false (Default)
#     algorithm = hmc (Default)
#       hmc
#         engine = nuts (Default)
#           nuts
#             max_depth = 10 (Default)
#         metric = diag_e (Default)
#         metric_file =  (Default)
#         stepsize = 1 (Default)
#         stepsize_jitter = 0 (Default)
#     num_chains = 1 (Default)
# id = 7
# data
#   file = /var/folders/sg/z3fcysgj5h56dkrzxcppmh3m0000gn/T/RtmptLvmXS/standata-7ac76bf324cb.json
# init = 2 (Default)
# random
#   seed = 59678787
# output
#   file = /Users/lukaseamus/Desktop/Projects/Corallines/coralline-carbon/Stan/model_e4a7eeb0354675692635eec86e4e72e0-202504131707-7-97b29a.csv
#   diagnostic_file =  (Default)
#   refresh = 100 (Default)
#   sig_figs = -1 (Default)
#   profile_file = /Users/lukaseamus/Desktop/Projects/Corallines/coralline-carbon/Stan/model_e4a7eeb0354675692635eec86e4e72e0-profile-202504131707-7-0c09a7.csv
#   save_cmdstan_config = false (Default)
# num_threads = 1 (Default)
# stanc_version = stanc3 v2.36.0
# stancflags = --name=model_e4a7eeb0354675692635eec86e4e72e0_model
lp__,accept_stat__,stepsize__,treedepth__,n_leapfrog__,divergent__,energy__,O2_max,beta,O2_0,sigma
# Adaptation terminated
# Step size = 0.334253
# Diagonal elements of inverse mass matrix:
# 0.0472259, 28.9946, 0.000250244, 0.000515133
-3993.74,0.933313,0.334253,4,15,0,3995.54,27.0006,-15.725,581.022,129.921
-3993.77,0.997949,0.334253,3,7,0,3994.26,28.4558,-15.6499,576.853,127.738
-3994.08,0.834364,0.334253,3,15,0,3997.38,27.1635,-16.1607,584.592,126.462
-3994.36,0.97915,0.334253,3,7,0,3996.66,29.085,-18.1513,583.887,132.277
-3993.1,1,0.334253,3,7,0,3994.92,33.6965,-17.7158,582.25,127.907
-3994.38,0.959887,0.334253,3,7,0,3995.48,36.1088,-23.9014,585.602,124.695
-3992.56,1,0.334253,3,7,0,3994.77,39.5164,-18.9031,594.413,130.053
-3993.07,0.973603,0.334253,3,7,0,3993.54,43.1021,-15.312,595.41,127.292
-3993.94,0.997057,0.334253,3,7,0,3994.48,35.1583,-22.0683,585.614,124.736
-3996.77,0.764597,0.334253,3,7,0,3999.05,33.5069,-15.4221,597.227,123.215
-3994.91,0.994235,0.334253,3,7,0,3997.53,39.9909,-20.9973,582.944,130.316
-3994.99,0.988056,0.334253,3,7,0,3997.04,47.1152,-14.2987,606.446,128.303
-3993.32,0.893775,0.334253,3,15,0,3996.3,45.4078,-20.1276,604.29,129.394
-3994.49,0.718754,0.334253,2,7,0,3996.62,47.8071,-23.8539,609.405,129.396
-3995.22,0.998729,0.334253,3,7,0,3995.7,59.1621,-26.3166,606.907,126.343
-3993.14,1,0.334253,4,15,0,3995.71,33.5748,-16.6146,588.854,131.374
-3995.8,0.857781,0.334253,3,15,0,3998,24.6743,-8.97103,573.724,132.832
-3994.66,0.974428,0.334253,3,7,0,3997.21,25.6742,-15.1393,578.118,131.994
-3994.54,0.983077,0.334253,3,7,0,3995.75,26.2927,-8.99782,575.375,128.74
-3995.4,0.981533,0.334253,3,7,0,3995.66,21.2655,-13.998,575.679,129.767
-3993.94,0.992815,0.334253,4,15,0,3997.61,55.988,-21.0327,607.795,128.257
-3994.44,0.952624,0.334253,3,7,0,3995.87,52.4931,-19.4171,611.567,130.672
-3993.73,0.966834,0.334253,4,15,0,3995.15,47.4402,-28.1169,599.982,127.131
-3992.99,0.966496,0.334253,3,7,0,3994.34,49.9477,-22.6278,604.287,129.158
-3993.5,0.963883,0.334253,3,11,0,3995.5,46.4731,-15.7743,600.851,130.812
-3992.8,0.95808,0.334253,3,15,0,3995.11,43.4314,-16.7674,594.36,127.823
-3998.85,0.552055,0.334253,3,15,0,4001.34,17.7329,-16.9845,578.4,126.786
-3995.38,0.995638,0.334253,3,7,0,3999.67,22.5565,-14.7376,577.165,124.846
-3992.76,0.998043,0.334253,3,7,0,3995.64,34.9866,-13.5183,588.637,129.465
-3997.17,0.66636,0.334253,3,7,0,4002.57,26.2358,-8.53391,586.389,134.4
-3996.63,0.982542,0.334253,3,7,0,3998.87,36.9164,-15.9512,579.603,134.87
-3996.76,0.983148,0.334253,3,7,0,3998.08,26.6375,-10.9381,588.998,133.494
-3993.11,0.95919,0.334253,4,15,0,3997.4,45.2289,-24.609,596.279,127.233
-3992.91,0.865798,0.334253,3,15,0,3995.06,35.0294,-18.9907,584.896,129.469
-3993.92,0.952355,0.334253,3,7,0,3995.82,30.2622,-18.6275,582.538,131.688
-3992.98,0.998336,0.334253,4,15,0,3994.45,33.3748,-16.7067,588.063,125.826
-3997.08,0.904487,0.334253,3,7,0,3997.79,28.3763,-18.1952,576.066,121.385
-3996.08,0.999531,0.334253,2,3,0,3997.44,28.4964,-15.8032,579.43,121.463
-3994.32,1,0.334253,3,7,0,3996.86,27.3398,-10.0833,580.377,125.219
-3994.25,0.992591,0.334253,3,7,0,3994.63,27.982,-11.315,577.53,125.343
-3994.28,0.937343,0.334253,4,15,0,3995.92,30.7952,-15.1233,577.075,131.139
-3994.47,0.962955,0.334253,4,15,0,3995.58,29.4118,-15.5489,587.525,132.443
-3996.21,0.897327,0.334253,4,15,0,3996.82,35.614,-14.0405,578.068,124.568
-3995.51,0.996209,0.334253,3,7,0,3996.58,41.4454,-17.016,582.902,130.687
-3995.81,0.991513,0.334253,3,7,0,3998.66,27.4142,-24.9352,580.179,125.834
-3996.26,0.955823,0.334253,3,15,0,3997.57,28.0969,-20.9149,573.528,124.817
-3994.28,0.998158,0.334253,3,15,0,3997.48,24.0379,-14.7886,577.115,128.348
-3995.83,0.9194,0.334253,2,7,0,3998.75,39.09,-9.05286,592.019,127.529
-3995.83,0.187141,0.334253,1,1,0,3999.05,39.09,-9.05286,592.019,127.529
-3993.39,1,0.334253,2,3,0,3996.66,33.7669,-16.3659,592.12,126.215
-3993.52,0.950203,0.334253,4,23,0,3994.69,38.2397,-14.6655,597.68,129.416
-3993.15,0.94467,0.334253,3,11,0,3994.69,42.4374,-16.528,600.396,128.39
-3994.49,0.806557,0.334253,4,15,0,3995.47,42.0171,-15.9984,604.187,129.324
-3992.67,0.961036,0.334253,4,15,0,3995.77,32.8692,-16.7809,586.891,128.992
-3993.01,0.992999,0.334253,3,15,0,3993.26,34.9218,-20.8271,585.54,128.363
-3994.03,0.939846,0.334253,4,15,0,3995.62,53.9956,-25.5531,611.317,130.34
-3992.78,0.998917,0.334253,3,15,0,3995.05,38.441,-19.6835,591.015,130.945
-3994.68,0.97892,0.334253,4,15,0,3995.37,57.7684,-22.9542,613.961,126.501
-3996.84,0.910289,0.334253,3,7,0,3997.64,56.4773,-38.1781,610.401,128.887
-3994.33,0.797295,0.334253,4,15,0,3998.31,49.2947,-14.6974,602.404,128.759
-3996.89,0.955494,0.334253,3,15,0,3997.9,20.6401,-15.688,566.962,128.202
-3996.66,0.716041,0.334253,2,7,0,4003.12,20.1207,-16.2445,578.387,127.193
-3994.55,1,0.334253,3,7,0,3996.98,28.9434,-8.73578,578.341,129.631
-3993.33,1,0.334253,2,3,0,3994.59,29.0317,-12.5601,580.428,129.82
-3995.64,0.819243,0.334253,2,3,0,3995.84,24.8432,-9.80284,586.258,129.358
-3993.18,0.991377,0.334253,4,15,0,3996.7,46.4752,-19.5417,594.619,129.398
-3994.62,0.83266,0.334253,4,15,0,3995.71,37.1995,-25.8813,596.139,126.236
-3996.1,0.824008,0.334253,3,7,0,3999.22,44.3842,-17.7843,592.043,121.999
-3996.39,0.997365,0.334253,3,7,0,3997.68,36.506,-13.9789,597.709,122.626
-3993.66,1,0.334253,2,3,0,3996.47,39.7193,-16.6246,587.432,125.464
-3993.61,0.975844,0.334253,4,15,0,3994.09,39.2778,-17.2008,585.567,130.793
-3992.75,0.952899,0.334253,2,3,0,3994.18,36.4726,-17.8479,589.872,130.956
-3995.71,0.857366,0.334253,3,15,0,3996.49,44.571,-22.0746,607.452,133.31
-3993.07,0.999586,0.334253,4,15,0,3996.18,42.997,-23.9609,596.599,126.407
-3993.07,0.997529,0.334253,4,15,0,3993.91,50.1742,-22.4636,605.423,128.661
-3993.16,0.980125,0.334253,4,15,0,3994.72,49.1656,-25.2578,603.538,128.466
-3993.17,0.998171,0.334253,4,15,0,3993.55,30.4644,-13.7468,582.493,130.47
-3992.61,0.983706,0.334253,4,15,0,3994.05,44.8394,-18.913,597.131,127.8
-3993.8,0.923887,0.334253,4,15,0,3995.64,26.7954,-13.0119,578.48,125.972
-3993.55,0.846328,0.334253,3,15,0,3996.43,34.708,-11.0913,587.113,130.287
-3993.67,0.925885,0.334253,3,15,0,3995.13,35.6325,-15.7608,593.283,132.378
-3997.17,0.909077,0.334253,3,15,0,3999.93,39.0868,-17.2329,589.987,119.878
-3994.81,0.977271,0.334253,3,11,0,3997.8,39.2185,-19.2699,591.634,135.367
-3993.05,0.986018,0.334253,3,7,0,3995.67,43.77,-23.2151,593.274,127.566
-3993.87,0.98465,0.334253,3,7,0,3994.75,37.9137,-11.1221,590.291,127.812
-3995.04,0.966743,0.334253,3,15,0,3995.53,24.5809,-19.4474,575.98,127.815
-3994.75,0.992715,0.334253,4,23,0,3997.06,54.8626,-24.7213,608.803,133.745
-3993.64,0.990976,0.334253,3,7,0,3995.31,45.3526,-23.5406,600.162,132.5
-3994.5,0.964417,0.334253,3,7,0,3995.52,46.3445,-25.0775,597.183,133.735
-3997.01,0.692957,0.334253,3,7,0,3998.58,57.9051,-20.3031,600.995,133.268
-3995.25,0.939179,0.334253,3,11,0,4000.07,48.972,-19.1456,604.955,135.384
-3994.53,0.99967,0.334253,4,15,0,3995.37,47.1748,-19.9476,601.617,134.732
-3993.25,0.885711,0.334253,3,7,0,3995.7,43.5428,-17.407,591.842,130.804
-3993.96,0.948612,0.334253,3,7,0,3994.29,38.1194,-15.6895,599.308,129.928
-3994.5,0.980848,0.334253,3,15,0,3996.59,48.9976,-21.7588,602.93,134.471
-3994.24,0.999905,0.334253,2,3,0,3994.57,49.6056,-21.7731,603.37,133.928
-3994.48,0.973011,0.334253,3,7,0,3996.06,46.2864,-29.6527,598.645,131.289
-3994,0.989201,0.334253,3,7,0,3995.02,45.6726,-28.5112,600.54,130.377
-3994,0.984742,0.334253,3,7,0,3995.9,49.5321,-17.9749,603.167,125.509
-3992.95,0.998515,0.334253,3,7,0,3994.49,48.5008,-23.3617,600.989,129.88
-3994.21,0.754288,0.334253,3,7,0,3997.36,39.0717,-11.7638,587.171,130.279
-3994.81,0.991016,0.334253,3,7,0,3995.78,34.5706,-26.6452,589.31,131.012
-3994.85,0.994217,0.334253,3,7,0,3995.37,35.8103,-26.9504,589.844,131.605
-3993.86,0.982198,0.334253,3,15,0,3996.48,30.065,-10.8728,584.726,125.714
-3992.93,0.993465,0.334253,3,7,0,3994.2,38.1513,-19.5466,586.548,128.495
-3993.78,0.933346,0.334253,4,15,0,3995.33,44.6941,-19.4322,604.888,127.28
-3993.02,0.921102,0.334253,3,15,0,3994.96,38.5825,-22.9505,594.446,128.677
-3992.75,0.993939,0.334253,3,11,0,3994.02,46.1758,-22.3253,599.041,127.468
-3992.94,0.88229,0.334253,3,15,0,3993.86,41.2283,-21.605,595.734,125.946
-3993.42,0.97697,0.334253,2,7,0,3994.54,42.9404,-20.5359,598.489,124.817
-3994.51,0.986528,0.334253,3,7,0,3994.93,42.6663,-24.3798,593.948,123.384
-3993.08,0.934811,0.334253,3,7,0,3996.12,41.1556,-24.7172,593.611,129.086
-3992.95,0.958113,0.334253,2,7,0,3995.85,40.4994,-23.1294,595.274,126.933
-3992.59,0.991933,0.334253,3,7,0,3993.95,38.6728,-17.2063,594.705,129.481
-3993.45,0.750584,0.334253,2,7,0,3994.89,42.1376,-16.3969,588.855,128.971
-3993.52,0.993843,0.334253,2,7,0,3995.89,37.7354,-20.2083,590.777,132.749
-3992.97,0.97952,0.334253,3,7,0,3994.89,41.2045,-14.9023,592.955,130.505
-3993.79,0.979486,0.334253,4,15,0,3995.09,27.4926,-12.0804,578.641,125.974
-3995.72,0.85421,0.334253,2,3,0,3996.62,25.0817,-13.7249,572.767,123.785
-3994.67,1,0.334253,4,15,0,3996.77,46.4516,-19.2856,595.71,134.648
-3995.19,0.938059,0.334253,3,15,0,3997.79,43.7969,-17.1274,605.741,125.321
-3995.34,0.949237,0.334253,3,7,0,3996.53,52.7527,-16.9724,599.112,127.171
-3992.88,0.913271,0.334253,4,15,0,3997.86,38.8914,-21.5284,594.287,130.098
-3995.14,0.935273,0.334253,3,7,0,3995.57,42.0677,-20.1624,589.443,134.947
-3994.42,0.746361,0.334253,2,7,0,3998.93,45.3522,-19.7222,589.518,130.737
-3993.95,0.992485,0.334253,3,11,0,3995.33,34.67,-19.5351,592.564,132.187
-3992.77,0.977998,0.334253,3,9,0,3994.96,47.6769,-22.3317,599.913,128.638
-3994.77,0.777466,0.334253,4,27,0,3996.46,40.6191,-18.7362,586.24,124.253
-3994.9,0.999096,0.334253,4,19,0,3995.81,29.0903,-21.7573,587.348,125.996
-3993.67,0.998565,0.334253,3,11,0,3995.99,38.8194,-19.0644,597.211,132.163
-3993.78,0.978024,0.334253,3,15,0,3994.68,38.0188,-20.2495,596.659,125.159
-3995.72,0.983075,0.334253,3,7,0,3997.65,37.0008,-20.5368,588.625,121.257
-3994.06,0.936315,0.334253,3,7,0,3997.71,32.6253,-13.6303,591.151,125.039
-3993.88,0.971612,0.334253,3,7,0,3995.78,37.0567,-24.811,594.677,129.155
-3997.09,0.78671,0.334253,3,7,0,3998.35,42.4083,-30.8039,585.897,131.252
-3994.67,0.994578,0.334253,3,15,0,3998.91,54.4304,-24.4223,614.491,127.933
-3993.06,1,0.334253,3,15,0,3996.43,34.4682,-18.1223,589.858,125.685
-3994.75,0.956423,0.334253,2,7,0,3995.72,35.3118,-20.7394,590.373,122.643
-3993.58,0.996501,0.334253,3,15,0,3996.77,32.3252,-11.072,583.905,126.578
-3996.05,0.910128,0.334253,4,15,0,3996.78,23.8457,-21.6472,578.77,126.09
-3994.71,0.996264,0.334253,4,15,0,3998,26.6798,-19.7613,577.648,130.156
-3993.58,0.988048,0.334253,3,7,0,3995.31,26.7273,-11.9362,579.749,129.254
-3995.14,0.930803,0.334253,4,15,0,3996.2,53.4733,-27.4414,606.282,123.827
-3996.26,0.989293,0.334253,4,15,0,3997.84,25.3858,-7.84693,578.019,133.886
-3993.76,0.997631,0.334253,4,15,0,3997.87,50.0247,-18.6309,601.475,126.088
-3997.32,0.665392,0.334253,2,3,0,4001.26,47.2544,-15.8388,610.702,124.467
-3997.09,1,0.334253,3,7,0,3998.04,50.0496,-16.5581,611.952,124.332
-3998.35,0.97636,0.334253,4,15,0,4000.63,42.191,-27.9835,599.041,137.649
-3999.76,0.990313,0.334253,2,3,0,4000.16,45.6587,-29.9461,594.384,138.741
-3995.18,0.995727,0.334253,3,7,0,4000.72,50.8605,-29.2755,608.103,132.729
-3993.75,1,0.334253,4,15,0,3995.73,40.0913,-15.4238,591.343,124.421
-3993.68,0.884367,0.334253,4,15,0,3995.78,41.1258,-15.0367,592.313,124.991
-3992.86,0.967866,0.334253,3,15,0,3994.49,37.2685,-15.8832,587.501,126.467
-3993.69,0.958277,0.334253,2,3,0,3993.89,35.4816,-12.4672,593.598,127.106
-3993.89,0.666512,0.334253,1,3,0,3997.4,39.3258,-14.21,585.501,127.582
-3996.21,0.845556,0.334253,3,15,0,3998.56,27.1032,-12.896,584.213,135.216
-3994.8,0.930101,0.334253,3,15,0,4000.13,51.305,-17.7819,599.272,132.957
-3993.89,0.946448,0.334253,3,15,0,3996.21,34.9143,-18.684,595.623,127.156
-3997.71,0.801699,0.334253,4,29,0,4001.48,18.6751,-4.58398,572.986,128.616
-3997.1,1,0.334253,3,7,0,3998.2,17.6186,-6.14287,571.782,129.217
-3993.96,0.863057,0.334253,3,7,0,3999.25,26.1832,-17.0053,580.326,127.566
-3993.03,0.687641,0.334253,3,7,0,3998.44,31.6898,-18.392,584.25,129.389
-3992.9,0.99973,0.334253,4,15,0,3993.19,38.6165,-14.5536,593.19,126.845
-3994.35,0.775456,0.334253,3,7,0,3996.67,45.4486,-17.2085,601.081,124.072
-3994.75,0.826806,0.334253,4,15,0,3997.71,41.8809,-10.9973,593.038,129.739
-3997.87,0.813193,0.334253,3,7,0,3998.92,26.3732,-29.3969,576.231,128.696
-3994.7,0.926792,0.334253,2,7,0,4000.96,32.6877,-20.5727,578.327,130.646
-3997.07,0.892097,0.334253,4,15,0,3998.75,56.9164,-17.8192,601.131,133.424
-3994.55,0.957217,0.334253,3,15,0,3999.11,40.5939,-15.4163,584.357,130.158
-3992.98,1,0.334253,3,7,0,3994.8,33.6018,-15.9543,583.698,130.417
-3992.5,0.999859,0.334253,4,15,0,3993.18,40.9089,-21.1187,593.344,128.303
-3992.94,0.992125,0.334253,3,7,0,3993.01,40.0269,-23.2592,592.909,129.82
-3995.33,0.764264,0.334253,2,7,0,3996.15,46.7778,-20.6985,589.11,131.133
-3999.63,0.509123,0.334253,3,11,0,4002.63,26.302,-15.8909,594.672,133.002
-3996.83,0.974288,0.334253,3,7,0,4003.76,37.7939,-11.982,578.152,130.347
-3995.59,1,0.334253,2,7,0,3997.05,27.2457,-15.9581,590.201,127.428
-3993.51,0.942898,0.334253,3,7,0,3997.02,28.8797,-16.0808,581.166,130.559
-3994.35,0.907869,0.334253,4,15,0,3995.65,45.2847,-17.6539,590.617,131.733
-3993.97,1,0.334253,2,3,0,3994.56,45.2563,-17.3812,592.351,132.005
-3994.48,0.988178,0.334253,4,15,0,3995.83,32.2057,-11.6795,589.382,124.422
-3994.01,0.953398,0.334253,3,7,0,3995.52,35.4216,-18.4822,582.662,124.946
-3993.48,0.998172,0.334253,3,7,0,3994.3,32.6214,-19.0671,590.663,126.935
-3993.86,0.982208,0.334253,3,7,0,3995.56,28.8942,-11.2319,584.848,125.93
-3997.1,0.907697,0.334253,3,7,0,3998.02,22.0564,-16.0528,576.619,133.916
-3997.97,0.995901,0.334253,2,3,0,3998.31,22.0017,-17.4222,573.456,134.693
-3994.44,0.998216,0.334253,3,7,0,3998.33,25.2759,-11.4675,574.307,130.187
-3993.66,0.999855,0.334253,3,7,0,3994.64,27.2096,-11.1593,580.088,129.768
-3997.13,0.912134,0.334253,3,15,0,4000.58,20.5591,-10.3976,564.676,128.201
-3997.84,0.931521,0.334253,4,15,0,4000.65,33.5835,-11.8474,574.51,123.961
-3994.97,0.986135,0.334253,4,15,0,3998.51,38.4944,-16.8885,600.446,132.904
-3995.31,0.974062,0.334253,3,15,0,3998.24,27.4956,-11.3442,573.627,132.19
-3992.65,0.943598,0.334253,4,15,0,3996.63,34.3011,-17.4331,585.495,127.67
-3993.21,0.996421,0.334253,4,15,0,3993.47,51.7364,-23.6066,605.581,129.744
-3995.28,0.699081,0.334253,2,3,0,3996.12,45.8217,-20.8522,609.84,130.166
-3993.38,0.963689,0.334253,3,15,0,4002,37.2491,-12.4657,593.342,129.857
-3994.27,0.853912,0.334253,3,7,0,3995.16,40.1978,-18.9811,584.25,127.362
-3994.19,1,0.334253,2,7,0,3994.84,37.0208,-16.6109,599.201,129.231
-3993.72,0.986512,0.334253,3,15,0,3995.43,31.2653,-16.2797,586.232,132.292
-3992.99,0.99155,0.334253,2,7,0,3994.89,33.386,-14.745,587.598,131.043
-3993.83,0.910323,0.334253,2,7,0,3994.51,35.9179,-17.3124,581.197,129.511
-3993.25,0.996151,0.334253,3,15,0,3996.75,40.0171,-20.4908,592.069,132.305
-3995.68,0.856598,0.334253,3,11,0,3997.67,35.8114,-27.9646,592.279,124.094
-3995.49,0.997413,0.334253,4,15,0,3997.61,24.9667,-9.10781,584.267,131.157
-3995.75,0.969827,0.334253,3,7,0,3999.36,37.7047,-18.7749,584.578,135.557
-3994.02,1,0.334253,3,7,0,3995.96,34.8711,-19.7897,592.435,132.476
-3995.14,0.981566,0.334253,4,15,0,3996.31,50.5272,-27.9329,597.192,125.503
-3994.7,0.976712,0.334253,4,15,0,3997.02,43.0136,-16.0263,591.105,134.238
-3995.66,0.77609,0.334253,2,7,0,3998.04,33.4444,-21.6685,595.786,131.921
-3994.55,0.97113,0.334253,3,11,0,3999.18,27.7195,-13.9535,573.656,129.569
-3993.46,0.99715,0.334253,4,15,0,3995.09,39.9791,-14.0515,587.833,129.406
-3994.91,0.926081,0.334253,4,15,0,3996.42,25.0747,-12.2358,571.544,129.055
-3993.83,0.981192,0.334253,4,15,0,3997.05,37.8065,-20.3686,585.144,125.415
-3995.95,0.973661,0.334253,3,7,0,3997.1,33.0756,-29.4712,588.667,130.238
-3996.19,0.982744,0.334253,3,15,0,3998.32,32.0061,-26.3027,578.903,125.133
-4000.2,0.757729,0.334253,3,7,0,4001.49,45.4991,-8.97353,590.797,125.863
-3993.8,1,0.334253,2,3,0,4000.21,30.4217,-14.8308,589.708,126.784
-3994.25,0.977255,0.334253,3,15,0,3996.1,27.6965,-13.9868,587.621,127.961
-3997.22,0.976282,0.334253,3,7,0,3997.98,22.766,-10.2904,565.59,130.683
-3993.9,0.975417,0.334253,4,15,0,4000.05,43.3782,-20.8208,602.558,132.112
-3993.92,0.992106,0.334253,3,15,0,3995.89,40.9484,-24.3444,590.851,132.041
-3993.21,0.990827,0.334253,3,7,0,3994.49,46.4186,-20.2885,596.839,126.011
-3993.66,0.997674,0.334253,3,7,0,3994.03,45.1449,-22.8059,600.69,124.787
-3994.41,0.948062,0.334253,4,15,0,3995.68,31.9909,-16.1884,583.135,123.103
-3994.36,0.972769,0.334253,2,3,0,3994.83,33.8276,-15.4029,583.62,123.301
-3994.67,0.928914,0.334253,4,15,0,3997.75,26.5709,-19.9874,582.236,126.385
-3996.04,0.953853,0.334253,3,15,0,3997.1,46.4258,-19.1311,611.15,131.844
-3997.16,0.966623,0.334253,3,7,0,3997.94,64.1041,-19.6096,610.078,130.319
-3995.51,1,0.334253,1,1,0,3996.8,61.3181,-19.7744,612.025,130.545
-3993.6,0.953309,0.334253,4,15,0,3996.87,37.8971,-25.157,588.984,129.479
-3993.69,0.96137,0.334253,4,15,0,3995.79,39.5326,-14.896,599.235,130.025
-3992.85,0.867501,0.334253,2,7,0,3995.66,44.1668,-17.5214,594.527,130.077
-3994.06,0.97313,0.334253,3,15,0,3994.74,45.9881,-28.1925,603.483,128.809
-3994.36,0.857205,0.334253,4,15,0,3996.43,48.9506,-16.3834,598.016,132.372
-3993.99,0.73376,0.334253,4,15,0,3997.95,41.5598,-18.863,589.746,124.383
-3992.54,0.996945,0.334253,2,7,0,3995.81,38.3896,-19.7847,593.563,128.835
-3992.47,0.990306,0.334253,2,7,0,3992.85,40.2598,-18.021,595.267,129.419
-3994.23,0.793699,0.334253,2,3,0,3994.69,35.537,-17.7945,597.188,130.546
-3992.59,0.992622,0.334253,4,15,0,3994.97,41.079,-19.9481,597.11,128.92
-3995.19,0.941945,0.334253,3,15,0,3996.16,28.9914,-15.5115,575.308,132.723
-3994.24,0.978608,0.334253,2,3,0,3995.9,29.3474,-12.4656,581.528,132.937
-3993.93,0.986432,0.334253,3,7,0,3995.49,29.233,-10.7745,581.834,131.491
-3995.19,0.932792,0.334253,2,3,0,3995.68,29.2226,-11.0209,578.95,133.952
-3995.67,0.968516,0.334253,3,7,0,3996.9,28.1006,-8.72875,585.286,133.18
-3994.83,0.894946,0.334253,4,15,0,3999.89,34.5859,-12.4961,583.935,123.47
-3993.33,1,0.334253,4,15,0,3994.87,49.9713,-18.9066,605.088,130.182
-3994.23,0.891595,0.334253,3,15,0,3995.79,38.094,-15.8602,585.162,133.089
-3993.12,1,0.334253,3,7,0,3994.36,35.484,-17.9806,594.087,129.004
-3993.48,0.984449,0.334253,3,7,0,3994.37,35.536,-21.5698,590.766,125.33
-3994.55,0.960314,0.334253,3,15,0,3995.92,28.7133,-9.93226,586.595,126.029
-3993.31,0.988078,0.334253,3,15,0,3998.22,37.6601,-12.3289,592.319,129.709
-3993.46,0.976642,0.334253,3,7,0,3993.85,33.7296,-22.7287,588.633,128.48
-3994.57,0.962048,0.334253,3,15,0,3995.92,32.264,-21.0257,579.085,130.834
-3994.13,0.95354,0.334253,3,7,0,3995.71,38.3586,-11.3912,588.929,131.355
-3994.9,0.92139,0.334253,4,15,0,3997.34,44.9493,-16.9511,589.121,132.075
-3997.5,0.861054,0.334253,2,3,0,3998.13,46.5021,-17.8964,585.687,132.921
-3998.91,1,0.334253,3,15,0,4000.4,23.4063,-23.8503,585.202,131.607
-3993.34,0.995227,0.334253,3,7,0,3999.77,33.3919,-15.3236,592.24,129.633
-3993.29,0.995637,0.334253,3,7,0,3994.27,32.0737,-18.9226,587.016,130.473
-3992.61,0.999961,0.334253,3,15,0,3994.87,39.4746,-20.5948,590.319,127.876
-3994.48,0.8694,0.334253,3,7,0,3997.68,32.902,-17.4104,585.361,134.169
-3992.85,0.979748,0.334253,3,7,0,3994.95,38.7624,-16.1859,593.815,126.16
-3993.51,0.959148,0.334253,4,15,0,3994.07,43.7655,-26.4074,599.145,129.902
-3993.06,0.993038,0.334253,3,15,0,3996.03,42.5667,-22.5064,594.095,125.929
-3994.73,0.918398,0.334253,3,7,0,3996.11,38.985,-28.7107,592.076,131.058
-3994.61,0.938845,0.334253,3,15,0,3995.9,48.1797,-15.2026,606.941,129.48
-3994.6,0.889838,0.334253,3,7,0,3996.1,51.5843,-15.5875,601.816,130.187
-3997.64,0.986909,0.334253,3,7,0,3998.51,42.2658,-28.5377,593.804,136.856
-3994.23,0.751211,0.334253,3,15,0,4001.45,39.7512,-17.4925,599.069,133.11
-3994.02,1,0.334253,2,3,0,3994.43,44.3365,-17.3275,592.243,132.841
-3998.89,0.79013,0.334253,3,15,0,4003.45,18.9581,-14.6715,562.241,129.974
-3997.37,0.998009,0.334253,4,15,0,3999.57,16.95,-13.3224,570.854,128.559
-3997.45,0.996957,0.334253,3,7,0,4000.92,18.6537,-7.24604,570.893,132.697
-3994.73,0.999681,0.334253,3,7,0,3997.83,22.6825,-10.8047,573.772,126.769
-3992.72,0.989458,0.334253,4,15,0,3996.25,43.7147,-18.9415,593.467,129.329
-3994.41,0.533379,0.334253,1,3,0,3996.83,36.5642,-18.6659,599.202,129.267
-3992.57,0.967987,0.334253,2,7,0,3996.77,38.9775,-16.1228,593.976,127.648
-3993.21,0.990514,0.334253,3,15,0,3993.97,48.9075,-20.473,602.67,126.436
-3994.55,0.829456,0.334253,3,7,0,3996.43,54.0902,-25.6676,602.328,125.884
-3994.92,0.994279,0.334253,4,15,0,3996.8,28.3183,-17.7491,583.874,133.095
-3994.28,0.999154,0.334253,3,7,0,3996.13,33.1369,-12.0216,581.6,132.528
-3993.19,0.968761,0.334253,4,15,0,3994.99,29.5702,-15.5525,580.017,128.151
-3994.05,0.915634,0.334253,3,15,0,3996.02,42.2059,-13.146,594.924,132.247
-3996.49,0.750247,0.334253,4,19,0,3997.8,29.1643,-21.0229,590.089,133.192
-3994.36,0.996435,0.334253,3,7,0,3996.86,34.159,-21.2346,580.362,130.455
-3992.94,0.995282,0.334253,2,7,0,3995.43,32.8677,-19.2584,585.931,127.194
-3992.64,0.962072,0.334253,3,11,0,3993.52,42.5337,-16.8086,596.691,129.66
-3993.79,0.985561,0.334253,4,15,0,3994.49,49.9701,-28.1679,605.465,128.293
-3994.92,0.976286,0.334253,3,7,0,3995.35,59.1533,-30.2071,615.371,128.403
-3997.25,0.730241,0.334253,3,7,0,4000.14,68.5187,-23.6843,615.027,128.321
-3996.03,1,0.334253,4,15,0,3998.61,51.7008,-35.9144,605.343,127.338
-3993.62,0.983779,0.334253,4,15,0,3996.48,27.1622,-14.2899,582.174,129.824
-3993.25,0.975512,0.334253,4,15,0,3995.05,51.4765,-22.6682,606.991,128.429
-3994.54,0.932365,0.334253,4,15,0,3995.48,25.2537,-12.0549,573.267,129.679
-3994.54,0.982468,0.334253,2,7,0,3996.45,25.5969,-18.4195,576.306,128.395
-3992.49,0.981098,0.334253,3,7,0,3995.39,36.2826,-17.515,589.483,127.203
-3993.81,0.962348,0.334253,2,7,0,3994.4,37.9255,-12.6356,593.774,125.855
-3993.49,0.985478,0.334253,3,15,0,3994.33,41.7264,-25.9031,593.458,130.139
-3993.55,0.946642,0.334253,2,7,0,3995.9,46.5141,-25.7949,603.714,127.587
-3993.97,0.984866,0.334253,2,7,0,3994.75,53.7888,-25.9791,607.343,126.089
-3997.14,0.924171,0.334253,3,15,0,3999.54,46.2526,-14.2881,602.826,137.059
-3998.51,0.745341,0.334253,3,7,0,4000.27,55.0521,-14.6097,602.495,136.148
-3996.45,1,0.334253,4,15,0,3999.3,25.5387,-18.6119,574.42,122.926
-3998.68,0.983299,0.334253,4,15,0,4000.15,26.0764,-13.637,578.535,119.15
-3996.4,0.991528,0.334253,3,11,0,4000.15,32.1486,-13.3081,586.339,136.891
-3995.34,0.988147,0.334253,3,7,0,3997.96,30.7974,-18.8313,579.559,133.996
-3994.7,0.972332,0.334253,3,7,0,3996.85,28.2879,-16.5489,582.251,133.202
-3994.01,0.985638,0.334253,3,7,0,3995.51,30.2537,-13.8507,577.583,130.938
-3997.09,0.904744,0.334253,3,7,0,3998.37,17.0556,-8.26549,569.098,129.78
-3998.68,0.650129,0.334253,3,7,0,4000.33,18.014,-3.96058,567.907,128.859
-3997.25,0.853965,0.334253,3,7,0,4001.09,19.1837,-16.9367,569.829,125.603
-3995.28,0.997441,0.334253,2,3,0,3997.38,22.2733,-13.911,572.184,126.045
-3995.04,1,0.334253,3,7,0,3996.42,22.6643,-15.3349,573.195,127.313
-3994.34,0.995566,0.334253,2,3,0,3995.29,23.3728,-13.0681,577.41,127.843
-3995.23,0.967108,0.334253,3,15,0,4001.83,57.0047,-21.9828,617.448,128.965
-3993.49,0.997804,0.334253,3,7,0,3995.72,50.1912,-22.762,606.802,126.85
-3993.44,0.813802,0.334253,3,15,0,3996.01,30.9842,-16.8499,579.618,127.049
-3993.57,0.977208,0.334253,3,7,0,3994.39,27.5599,-13.0334,584.021,127.496
-3993.05,0.977616,0.334253,4,15,0,3995.01,31.6968,-17.5321,582.659,129.579
-3992.7,0.988526,0.334253,3,7,0,3993.8,33.1167,-14.0426,585.033,128.416
-3993.78,0.947566,0.334253,4,15,0,3996.06,45.9741,-21.2506,602.342,132.958
-3993.95,0.981842,0.334253,3,15,0,3995.41,38.7664,-16.8544,587.193,133.231
-3993.84,0.990321,0.334253,3,15,0,3996.21,47.0159,-20.5092,604.329,132.66
-3992.94,0.971244,0.334253,4,15,0,3994.53,32.7378,-13.0276,583.65,129.076
-3993.43,0.943877,0.334253,3,7,0,3993.77,31.6571,-16.1629,589.324,130.531
-3992.71,1,0.334253,2,3,0,3993.52,34.9429,-17.0789,588.79,130.442
-3992.59,0.995801,0.334253,3,7,0,3993.09,37.2726,-19.2057,589.91,129.983
-3993.65,0.950175,0.334253,4,15,0,3995.56,43.4648,-16.3198,596.224,124.892
-3993.49,1,0.334253,3,7,0,3994.05,40.1557,-17.9565,594.076,124.21
-3997.08,0.894786,0.334253,4,19,0,3999.51,16.8547,-8.81687,572.083,126.902
-3992.71,0.9767,0.334253,4,15,0,3999.11,43.4306,-19.837,598.527,126.894
-3992.83,0.998401,0.334253,3,15,0,3993.23,33.0147,-17.1519,586.434,130.176
-3993.68,0.960755,0.334253,3,7,0,3994.22,29.214,-16.181,579.875,130.943
-3996.72,0.955885,0.334253,3,7,0,3997.38,31.5856,-9.9661,584.982,136.406
-3996.73,0.972385,0.334253,4,15,0,3998.65,27.4987,-14.7046,584.452,121.064
-3992.97,1,0.334253,3,7,0,3997.22,35.6089,-18.4931,593.16,129.431
-3992.8,0.998876,0.334253,2,7,0,3993.54,39.016,-16.2926,590.681,131.145
-3993.49,0.916248,0.334253,4,15,0,3994.42,41.8404,-14.6588,599.807,129.36
-3994.8,0.989819,0.334253,3,15,0,3996.28,52.8133,-30.4626,609.885,126.905
-3992.67,0.887973,0.334253,3,15,0,3996.12,41.7339,-21.4211,595.012,126.825
-3997.18,0.958668,0.334253,4,15,0,3998.19,63.3111,-38.1089,617.597,128.217
-3994.37,0.992246,0.334253,3,11,0,3998.54,36.6391,-9.94241,590.14,130.093
-3994.53,1,0.334253,4,15,0,3995.64,55.1192,-27.5072,607.112,125.445
-3994.32,0.999782,0.334253,4,15,0,3994.88,52.1813,-28.8029,608.81,126.965
-3993.87,0.917827,0.334253,4,15,0,3995.14,49.3514,-27.5675,602.442,126.092
-3993.53,0.959417,0.334253,4,15,0,3995.23,37.6114,-20.6748,586.362,131.531
-3994.68,0.99032,0.334253,3,15,0,3996.13,24.849,-17.5351,578.04,130.086
-3996.04,0.968114,0.334253,3,7,0,3997.37,37.2335,-12.702,588.268,121.827
-3993.84,0.774184,0.334253,3,15,0,3999.78,44.8182,-26.2488,592.674,128.635
-3993.32,0.826503,0.334253,3,7,0,3995.32,41.8541,-24.066,599.172,129.575
-3994.59,0.889842,0.334253,2,3,0,3995.51,44.6685,-25.8122,591.661,132.025
-3998.8,0.667391,0.334253,3,7,0,4003.86,40.3908,-38.0108,594.163,123.86
-3997.5,0.998027,0.334253,3,7,0,3998.97,43.4564,-36.3641,596.531,124.305
-3996.13,0.960082,0.334253,2,3,0,3998.21,43.2945,-34.4464,594.454,126.477
-3993.44,0.849427,0.334253,3,7,0,3997.27,40.9637,-19.9189,601.009,128.718
-3993.38,0.986878,0.334253,2,7,0,3993.93,45.7793,-20.0057,592.841,129.638
-3993.98,0.862547,0.334253,3,15,0,3995.96,29.5585,-14.8161,576.427,129.631
-3994.63,0.95692,0.334253,4,15,0,3997.25,54.1235,-23.5541,613.182,126.494
-3994.7,0.656314,0.334253,4,31,0,3998.78,31.5818,-20.4355,590.976,124.993
-3993.54,0.968697,0.334253,2,7,0,3996.42,41.9268,-18.6017,587.84,128.106
-3992.84,0.768337,0.334253,2,7,0,3995.71,36.7158,-20.2727,593.271,128.77
-3994.06,0.96987,0.334253,3,7,0,3995.16,34.7597,-21.6486,581.642,129.936
-3997.51,0.880543,0.334253,3,7,0,3998.59,44.0877,-9.99024,593.898,134.318
-3992.9,0.962914,0.334253,3,7,0,3998.77,45.1206,-23.6915,596.691,129.653
-3992.63,0.996334,0.334253,3,15,0,3993.3,37.9195,-16.2427,592.352,126.746
-3995.57,0.923619,0.334253,3,15,0,3998.83,57.543,-17.8214,613.008,127.3
-3994.03,0.77966,0.334253,3,7,0,3997.62,37.8723,-24.0766,596.453,126.249
-3993.7,0.978675,0.334253,3,7,0,3995.24,36.5799,-16.3936,597.042,127.125
-3995.11,1,0.334253,3,11,0,3995.79,21.7079,-12.2759,577.798,129.352
-3997.51,0.904286,0.334253,3,7,0,3999.3,23.9101,-19.0649,571.792,133.76
-3994.59,0.999912,0.334253,3,7,0,3997.66,30.0999,-8.25611,583.522,128.04
-3993.21,0.825526,0.334253,2,3,0,3996.33,29.0437,-13.1333,583.177,129.642
-3993.79,0.918576,0.334253,4,15,0,3996.02,31.7808,-12.0782,585.864,132.283
-3992.7,0.999668,0.334253,3,7,0,3994.3,35.1297,-16.1399,586.889,126.574
-3992.62,0.995326,0.334253,3,15,0,3993.09,38.2262,-21.1704,590.746,127.962
-3992.8,0.95729,0.334253,3,15,0,3993.29,39.0875,-19.8349,588.205,127.84
-3994.14,0.913105,0.334253,2,7,0,3994.81,40.2914,-21.2514,585.337,126.917
-3995.46,0.988222,0.334253,4,15,0,3997.12,49.8364,-18.3344,612.764,130.031
-3994.97,0.996994,0.334253,4,15,0,3998.99,31.2968,-19.2213,583.182,122.668
-3993.28,0.993209,0.334253,4,15,0,3996.98,30.4571,-11.1221,583.348,128.441
-3992.94,0.952585,0.334253,4,15,0,3994.26,40.8253,-20.4254,589.31,127.729
-3993.11,0.856469,0.334253,2,3,0,3994.53,36.9057,-21.6627,593.835,127.543
-3998.79,0.799049,0.334253,3,7,0,3999.41,31.5575,-14.1642,595.39,121.037
-3995.68,1,0.334253,2,3,0,3998.84,33.5932,-13.267,587.261,121.573
-3993.7,0.955737,0.334253,3,15,0,3999.45,30.4626,-18.7996,581.39,130.758
-3993.56,0.986199,0.334253,3,7,0,3994.69,33.7264,-13.5339,588.27,132.422
-3994.65,0.99387,0.334253,3,15,0,3994.8,33.0147,-18.3487,587.118,122.616
-3995.6,0.695233,0.334253,4,15,0,4000.71,41.348,-27.433,602.7,131.5
-3994.57,0.993979,0.334253,3,11,0,3997.03,30.8259,-14.1445,592.65,127.029
-3993,0.959593,0.334253,2,3,0,3995.2,36.5776,-14.5792,585.211,128.87
-3993.74,0.932149,0.334253,3,15,0,3995.35,31.2914,-14.9823,577.949,127.736
-3998.5,0.946071,0.334253,4,15,0,4000.9,24.1678,-22.0126,567.901,124.969
-3999.55,0.94647,0.334253,3,7,0,4001.37,21.9894,-25.9095,583.624,127.905
-3997.78,0.999711,0.334253,3,7,0,4000.93,24.0211,-26.5174,578.707,125.315
-3994.6,0.924806,0.334253,3,7,0,3999.32,29.568,-21.1894,577.235,128.445
-3994.75,0.9987,0.334253,4,15,0,3997.97,40.5519,-27.4679,592.492,124.226
-3993.44,0.984895,0.334253,3,7,0,3996.99,39.9446,-13.5248,594.333,126.388
-3993.31,0.995917,0.334253,3,7,0,3994.28,31.7809,-18.8134,584.206,125.851
-3993.33,0.960076,0.334253,3,15,0,3994.82,37.7115,-24.4073,591.433,127.092
-3995.44,0.977809,0.334253,3,15,0,3996.1,42.9708,-33.0389,595.124,127.129
-3996,0.91229,0.334253,3,15,0,3997.59,35.8418,-31.6571,589.099,126.267
-3994.56,0.963539,0.334253,2,3,0,3996.62,35.2114,-27.0478,587.248,126.221
-3993.18,0.995721,0.334253,3,15,0,3995.32,45.5331,-18.6419,599.372,132.002
-3993.83,0.911549,0.334253,3,7,0,3994.54,41.102,-22.7228,597.809,132.536
-3993.39,0.995941,0.334253,3,15,0,3995.39,35.9048,-11.7296,587.619,130.149
-3992.72,1,0.334253,3,15,0,3993.68,39.6767,-21.5816,593.148,129.992
-3993.38,0.962251,0.334253,3,7,0,3994.04,41.382,-19.0018,590.58,132.217
-3993.35,0.964832,0.334253,4,15,0,3994.3,41.5819,-24.2656,591.27,126.828
-3992.83,0.994428,0.334253,3,15,0,3994.38,34.8741,-16.6778,588.572,130.985
-3994.11,0.860173,0.334253,4,15,0,3995.2,42.0507,-13.0089,591.681,131.613
-3995.08,0.986377,0.334253,4,15,0,3997.15,29.1921,-22.3444,584.619,124.487
-3996.2,0.925651,0.334253,4,15,0,3998.91,35.9029,-29.6788,584.283,131.438
-3993.35,0.962802,0.334253,2,7,0,3997.76,41.3737,-23.3338,589.833,129.744
-3994.79,0.958771,0.334253,3,7,0,3995.37,55.4892,-17.4477,607.846,131.034
-3993.38,0.73135,0.334253,2,7,0,3996.76,51.5123,-19.5477,602.455,129.565
-3992.77,0.82685,0.334253,3,15,0,3995.5,37.5491,-14.8088,587.803,129.562
-3993.47,0.973092,0.334253,3,7,0,3993.82,32.8658,-20.3352,582.211,127.088
-3995.05,0.961879,0.334253,3,15,0,3996.84,54.626,-21.3591,609.172,134.372
-3993.58,0.948126,0.334253,4,15,0,3996,44.5235,-25.1239,600.091,125.704
-3992.6,0.999707,0.334253,4,15,0,3993.91,36.5125,-17.412,590.98,130.193
-3993.29,0.935491,0.334253,3,7,0,3994.79,41.2153,-19.6508,597.967,125.334
-3994.01,0.961212,0.334253,3,15,0,3995.29,53.6075,-18.1372,605.548,128.916
-3993.26,1,0.334253,3,7,0,3994.22,41.6937,-22.8961,591.701,131.013
-3994.52,0.992166,0.334253,3,15,0,3995.1,44.7438,-20.0724,599.57,134.856
-3996.17,0.922079,0.334253,3,7,0,3996.87,50.882,-18.4981,604.894,136.574
-3993.18,0.992529,0.334253,3,7,0,3996.46,42.974,-19.1612,594.473,132.309
-3992.98,0.997054,0.334253,4,15,0,3993.65,49.4316,-22.6585,601.606,127.714
-3992.98,0.868177,0.334253,1,3,0,3993.56,49.4316,-22.6585,601.606,127.714
-3995.23,0.863922,0.334253,3,15,0,3996.64,38.9181,-29.8735,592.519,125.089
-3995.55,0.997133,0.334253,4,15,0,3997.05,59.7014,-21.9962,619.309,130.299
-3994.05,0.78401,0.334253,3,7,0,3996.95,51.4279,-28.7306,607.693,128.726
-3992.99,0.999619,0.334253,3,15,0,3994.85,41.9906,-16.719,596.755,131.472
-3994.55,0.860908,0.334253,3,7,0,3995.45,42.5938,-16.4182,594.349,134.898
-3994.74,0.945562,0.334253,4,15,0,3995.8,46.7248,-25.0288,602.798,123.479
-3993.03,0.969275,0.334253,4,15,0,3997.95,36.0955,-15.4468,591.793,131.341
-3993.56,0.983585,0.334253,3,15,0,3994.09,36.2785,-22.8471,585.107,129.323
-3993.34,0.988778,0.334253,3,7,0,3995.14,36.8498,-20.1936,586.172,125.638
-3992.92,0.99937,0.334253,3,7,0,3993.55,36.2912,-16.6258,592.946,126.409
-3996.94,0.740723,0.334253,3,7,0,3999.12,39.7936,-10.7511,595.317,122.836
-3993.62,0.856597,0.334253,3,7,0,3999.24,30.1319,-20.0896,585.482,128.692
-3993.39,0.989525,0.334253,2,7,0,3994.8,30.1503,-17.76,586.206,129.58
-3995.38,0.986925,0.334253,3,7,0,3996.07,21.7871,-8.06318,577.83,129.211
-3998.18,0.786032,0.334253,2,3,0,3999.48,19.5769,-7.50002,583.043,128.39
-3997.15,0.988671,0.334253,3,7,0,3999.91,35.1519,-16.0847,574.265,131.766
-3993.47,0.903485,0.334253,3,11,0,4000.27,31.1679,-18.6981,582.083,130.454
-3993.12,0.999728,0.334253,3,15,0,3993.59,40.2195,-14.2315,595.233,127.095
-3996.3,0.788169,0.334253,3,15,0,3998.93,38.9212,-8.723,593.313,127.159
-3993.56,1,0.334253,2,3,0,3996.48,34.6177,-14.6536,593.92,126.844
-3993.61,0.994314,0.334253,3,7,0,3994.79,38.2615,-16.5808,588.415,124.376
-3995.11,0.939953,0.334253,2,3,0,3995.43,37.8765,-14.6533,596.726,123.264
-3996.78,0.949435,0.334253,4,15,0,3998.46,46.5411,-28.8854,599.059,136.098
-3997.43,0.978605,0.334253,2,3,0,3997.71,46.4159,-29.2351,600.689,136.785
-3996.73,0.979731,0.334253,4,15,0,3998.44,46.1935,-18.9611,606.168,121.933
-3994.4,0.993308,0.334253,3,7,0,3997.66,43.2576,-25.7268,598.72,124.032
-4001.31,0.920845,0.334253,4,15,0,4002.27,24.674,-15.4683,577.754,140.185
-4001.06,0.960043,0.334253,2,3,0,4003.69,25.8244,-18.2547,577.248,139.764
-4000.82,0.986862,0.334253,4,15,0,4004.81,31.2767,-19.0379,574.966,118.946
-4000.29,0.877035,0.334253,3,7,0,4006.4,30.1106,-12.9354,575.679,118.758
-3998.78,0.944427,0.334253,4,15,0,4002.37,29.7243,-17.9536,576.57,119.644
-3997.95,1,0.334253,2,3,0,3998.79,29.2612,-17.6622,577.04,120.191
-3998.62,0.931813,0.334253,4,15,0,4000.6,61.1229,-21.2575,610.723,138.001
-3994.93,0.957872,0.334253,3,7,0,4003.18,44.0104,-14.932,605.935,128.865
-3994.45,0.997017,0.334253,3,15,0,3996.3,55.3749,-22.1134,603.005,127.239
-3993.13,0.804721,0.334253,2,7,0,3996.96,44.6615,-21.7297,602.402,127.409
-3994.29,0.976579,0.334253,4,15,0,3997.01,36.1563,-20.5523,590.65,133.815
-3993.95,0.985002,0.334253,3,15,0,3996.06,31.5212,-12.3764,579.34,131.139
-3993.17,0.997199,0.334253,3,15,0,3994.95,30.4798,-15.1556,585.944,126.393
-3993.95,0.973182,0.334253,3,7,0,3994.61,33.5438,-11.3472,589.4,125.605
-3992.56,0.92399,0.334253,3,7,0,3995.34,37.2377,-20.1909,589.799,128.776
-3993.08,0.962489,0.334253,3,7,0,3993.33,33.82,-20.8982,587.069,129.326
-3993.4,0.91952,0.334253,4,23,0,3994.43,48.9816,-17.7959,598.823,128.679
-3992.91,1,0.334253,3,7,0,3993.48,40.4405,-22.1368,590.33,127.577
-3992.91,0.996657,0.334253,3,15,0,3993.54,42.6429,-22.3621,592.663,127.274
-3992.81,0.93305,0.334253,2,3,0,3993.68,39.3079,-22.7101,593.808,128.702
-3993.42,0.95889,0.334253,3,7,0,3993.86,42.644,-19.365,592.537,124.989
-3992.93,0.825031,0.334253,3,7,0,3995.45,34.0362,-20.6261,587.74,128.133
-3993.9,0.946597,0.334253,3,15,0,3995.68,37.2154,-25.087,593.268,130.407
-3995.52,0.81768,0.334253,2,7,0,3998.87,39.4785,-28.5942,586.196,130.995
-3996.48,0.701883,0.334253,2,3,0,3998.59,42.5352,-26.713,584.15,130.282
-3996.66,1,0.334253,3,7,0,3998.01,35.9029,-30.9059,596.473,128.326
-3994.78,1,0.334253,3,7,0,3997.44,37.6131,-29.0368,593.152,129.439
-3995.42,0.866559,0.334253,3,15,0,3998.03,45.5102,-29.3817,591.002,130.222
-3994.28,0.999624,0.334253,3,7,0,3996.75,50.0102,-30.391,603.138,127.261
-3993.01,0.995455,0.334253,4,15,0,3994.68,37.7097,-12.9281,590.176,128.965
-3992.77,0.99175,0.334253,2,7,0,3994.06,35.9451,-13.823,587.069,128.105
-3993.76,0.963497,0.334253,3,7,0,3994.13,38.538,-19.0947,587.802,132.953
-3993.83,0.92912,0.334253,3,15,0,3995.14,42.8648,-15.7772,591.491,132.449
-3998.24,0.948452,0.334253,4,15,0,4001.65,70.9071,-36.7598,619.652,126.843
-3994.66,1,0.334253,3,7,0,3998.93,55.4664,-30.6675,610.61,127.353
-3995.32,0.952818,0.334253,4,15,0,3996.77,57.5192,-22.6811,614.27,133.675
-3993.01,0.939341,0.334253,3,15,0,3996.38,41.5877,-20.4469,597.883,131.156
-3993.96,0.833801,0.334253,3,7,0,3994.6,45.384,-16.533,591.628,130.289
-3993.72,0.994997,0.334253,4,15,0,3994.53,30.9148,-17.2839,590.192,128.035
-3994.54,0.913905,0.334253,4,23,0,3997.01,39.3312,-24.4336,594.715,133.376
-3993.42,0.988939,0.334253,3,7,0,3995.01,48.1055,-17.345,601.23,126.874
-3992.46,1,0.334253,3,7,0,3993.44,40.1347,-20.1422,593.928,127.704
-3994.46,0.848023,0.334253,2,7,0,3996.35,42.0013,-12.0671,590.272,129.446
-3994.18,1,0.334253,4,15,0,3995.2,29.4553,-19.7963,579.496,130.591
-3994.83,0.983705,0.334253,4,15,0,3995.65,36.5659,-9.36651,589.388,130.58
-3995.32,0.988632,0.334253,4,15,0,3997.39,54.8946,-22.6427,612.48,124.433
-3993.3,0.997465,0.334253,4,15,0,3996.39,30.9657,-17.5684,583.349,130.649
-3994.46,0.96144,0.334253,3,15,0,3996.12,42.9318,-12.602,594.226,132.237
-3993.29,0.977783,0.334253,3,15,0,3995.36,44.1546,-18.0453,595.182,132.294
-3994.09,0.926938,0.334253,2,7,0,3997.33,38.0111,-26.6959,591.04,130.502
-3993.89,0.990467,0.334253,3,15,0,3995.64,37.4771,-23.9015,591.275,124.712
-3995.5,0.965049,0.334253,4,15,0,3997.72,55.041,-32.7527,606.883,125.721
-3994.84,0.98464,0.334253,3,7,0,3997.32,45.3008,-29.0553,595.999,124.694
-3997.35,0.794367,0.334253,3,7,0,3998.44,46.1508,-29.7878,590.302,123.657
-3995.02,0.856119,0.334253,2,3,0,3998.61,39.7833,-27.6235,594.401,123.889
-3993.11,0.943754,0.334253,3,7,0,3996.25,32.3758,-16.7192,590.057,128.298
-3992.83,0.996086,0.334253,3,15,0,3994.17,38.9364,-14.5739,590.778,130.279
-3992.81,0.974915,0.334253,3,7,0,3993.66,35.3817,-18.3609,585.68,129.827
-3993.43,0.930695,0.334253,2,3,0,3993.71,35.8615,-18.8917,582.681,129.126
-3993.24,0.996641,0.334253,4,31,0,3993.94,42.1493,-17.3299,601.09,128.635
-3993.95,0.993546,0.334253,4,15,0,3994.77,51.1515,-29.1801,603.015,128.901
-3995.15,0.927768,0.334253,2,7,0,3996.46,41.116,-31.606,596.564,129.016
-3993.6,0.990745,0.334253,2,7,0,3995.84,48.1577,-27.9499,601.325,129.163
-3993.97,0.993995,0.334253,3,7,0,3994.32,55.5222,-22.0045,610.494,127.351
-3993.91,0.995224,0.334253,3,7,0,3994.6,51.649,-21.3198,607.107,125.702
-3994.32,0.759363,0.334253,4,15,0,3998.14,37.6205,-21.606,597.436,131.975
-3993.27,0.975416,0.334253,4,15,0,3995.32,50.9614,-23.0356,604.746,130.803
-3992.61,0.944637,0.334253,3,15,0,3994.83,35.562,-17.1419,590.604,129.779
-3993.2,0.857641,0.334253,3,7,0,3994.64,35.9911,-13.7066,593.854,128.675
-3993.81,0.9897,0.334253,3,15,0,3994.74,33.5384,-11.8125,592.348,128.653
-3993.82,0.979558,0.334253,3,15,0,3995.23,40.218,-23.6395,597.72,131.596
-3992.82,0.993417,0.334253,3,7,0,3994.53,43.6332,-22.302,596.463,130.551
-3993.19,0.991512,0.334253,4,15,0,3994,46.0243,-24.3796,597.594,130.712
-3993.28,0.996648,0.334253,4,15,0,3993.94,44.7828,-17.4673,597.044,132.199
-3993.56,0.956199,0.334253,3,7,0,3995.2,49.4121,-25.8438,599.359,127.15
-3993.18,0.997721,0.334253,4,15,0,3993.81,50.1582,-20.0642,601.748,130.456
-3993.39,0.976509,0.334253,3,15,0,3995.1,40.6367,-13.4631,596.836,129.369
-3992.88,0.955954,0.334253,3,15,0,3995.27,39.8758,-17.5628,593.25,125.589
-3993.25,0.989461,0.334253,3,7,0,3993.77,41.4165,-18.7096,593.562,124.771
-3995.48,0.713977,0.334253,3,7,0,3995.78,34.6096,-19.871,597.125,124.644
-3993.84,0.987955,0.334253,4,15,0,3996.75,40.7934,-27.0995,591.3,127.484
-3994.13,0.903729,0.334253,3,7,0,3995.13,49.7313,-16.3419,598.627,130.575
-3993.81,0.91532,0.334253,3,7,0,3996.99,37.6098,-23.3498,594.515,131.324
-3997.29,0.95803,0.334253,3,7,0,3998.35,37.5976,-12.7092,590.301,120.495
-3993.37,0.975554,0.334253,3,7,0,3997.73,34.8926,-16.1777,589.534,124.584
-3993.01,0.890289,0.334253,3,7,0,3994.53,36.6237,-14.6411,586.599,126.562
-3994.52,0.744512,0.334253,3,7,0,3996.33,37.1619,-13.5882,598.783,127.354
-3992.96,0.999313,0.334253,4,23,0,3994.94,40.3457,-21.3374,591.367,126.043
-3993.16,0.962376,0.334253,3,11,0,3993.98,41.6236,-21.4096,598.939,130.776
-3992.58,0.954454,0.334253,3,15,0,3994.51,39.0218,-15.9344,589.861,128.169
-3993.32,0.977252,0.334253,4,15,0,3994.28,35.8478,-16.3051,591.241,124.778
-3993.73,0.992348,0.334253,3,15,0,3995.08,34.4808,-14.0223,588.159,124.202
-3994.01,0.939608,0.334253,4,15,0,3995.07,50.2692,-22.9932,599.805,132.687
-3995.62,0.92716,0.334253,3,7,0,3996.57,55.1023,-25.1392,602.23,134.089
-3992.78,0.925582,0.334253,4,15,0,3998.58,36.9979,-16.5208,594.324,128.132
-3993.36,0.975269,0.334253,3,11,0,3993.66,44.3735,-15.6859,593.106,128.944
-3993.38,0.993962,0.334253,3,15,0,3994.77,44.3138,-16.1139,600.428,126.742
-3993.76,0.96924,0.334253,3,11,0,3997.94,55.7085,-24.3601,606.69,128.141
-3994.24,0.991385,0.334253,2,3,0,3994.46,53.919,-24.2456,611.489,126.49
-3994.24,0.968479,0.334253,4,15,0,3996.09,43.708,-25.0571,597.446,123.888
-3994.09,0.98891,0.334253,4,15,0,3995.73,52.9617,-27.67,604.87,131.348
-3993.68,0.824978,0.334253,4,15,0,3995.75,30.7351,-18.2892,588.674,126.708
-3994.37,0.999688,0.334253,3,7,0,3995.17,25.6247,-9.79879,581.27,130.37
-3996.11,0.791888,0.334253,3,7,0,3999.56,32.9853,-26.9794,593.988,126.845
-3996.18,0.955541,0.334253,4,15,0,3999.18,51.3719,-19.645,613.614,125.182
-3993.76,1,0.334253,4,15,0,3997.24,33.4185,-23.1145,589.695,127.453
-3994.68,0.95746,0.334253,4,15,0,3996.3,44.2179,-20.53,605.559,132.461
-3993.69,0.9986,0.334253,3,15,0,3995.58,32.9534,-17.8686,591.72,130.813
-3992.47,0.994066,0.334253,2,7,0,3993.85,36.305,-16.978,590.706,129.294
-3994.91,0.901556,0.334253,3,15,0,3995.33,26.9482,-16.0671,572.825,127.074
-3993.13,1,0.334253,3,7,0,3995.07,42.8531,-14.5426,595.288,129.688
-3994.1,0.988677,0.334253,4,15,0,3995.1,49.3772,-26.3606,599.273,132.002
-3993.02,0.99822,0.334253,3,15,0,3995.53,34.0392,-19.6758,585.757,126.446
-3993.02,0.95484,0.334253,3,11,0,3994.7,46.6175,-23.3797,596.796,129.673
-3993.27,0.846097,0.334253,3,11,0,3995.22,38.6313,-14.9946,596.914,130.14
-3993,0.893547,0.334253,3,15,0,3996.17,30.8282,-12.586,583.12,128.002
-3995.78,0.864631,0.334253,4,15,0,3998.21,44.3487,-31.6388,601.126,132.144
-3993.36,0.994953,0.334253,4,15,0,3997.4,35.6419,-18.0512,582.626,129.384
-3994.97,0.978939,0.334253,3,7,0,3996.36,44.3389,-13.7133,600.501,133.71
-3998.58,0.590038,0.334253,2,3,0,3999.62,52.2525,-11.5853,599.643,133.048
-3997.87,0.992661,0.334253,3,7,0,4000.14,39.5611,-24.9472,578.204,129.195
-3995.2,0.916557,0.334253,3,7,0,4000.91,38.65,-17.7152,602.479,131.413
-3992.92,0.996019,0.334253,3,11,0,3995.48,32.469,-18.0483,587.111,129.603
-3992.97,0.997559,0.334253,3,15,0,3993.81,30.446,-14.421,582.607,129.488
-3992.98,0.992464,0.334253,3,7,0,3993.3,30.8659,-17.0008,582.44,128.531
-3993.51,0.938042,0.334253,4,15,0,3995.66,43.8041,-26.3468,594.459,129.788
-3993.23,0.979992,0.334253,3,15,0,3994.13,44.3874,-24.0469,601.485,129.632
-3993.57,0.885258,0.334253,3,15,0,3994.88,39.1657,-23.5127,597.212,129.954
-3994.33,0.987756,0.334253,3,11,0,3995.27,49.5829,-22.0671,600.546,124.062
-3994.64,0.991,0.334253,3,7,0,3996.73,60.1389,-23.5241,612.571,127.23
-3993.62,0.957413,0.334253,4,15,0,3995.9,38.36,-24.8944,588.782,126.666
-3996.14,0.790085,0.334253,2,3,0,3996.45,33.679,-28.2277,594.241,127.827
-3994.68,0.983862,0.334253,3,15,0,3997.7,44.8225,-21.7528,605.919,132.461
-3994.22,0.884576,0.334253,3,15,0,3997.58,28.7091,-15.4044,587.498,131.007
-3994.72,0.915597,0.334253,2,7,0,3995.76,34.7887,-14.3582,578.08,129.479
-3992.8,0.999713,0.334253,3,11,0,3995.14,39.3779,-15.3047,595.684,128.691
-3996.46,0.939111,0.334253,3,7,0,3997.48,32.772,-18.673,584.599,120.581
-3994.58,0.970517,0.334253,3,15,0,3998.87,43.2854,-26.0485,590.492,131.813
-3995.21,0.887172,0.334253,4,15,0,3998.81,50.7562,-15.407,597.014,129.95
-3994.31,0.999552,0.334253,3,11,0,3998.58,42.7651,-23.7613,603.536,126.532
-3993.74,0.994492,0.334253,4,15,0,3996.21,39.3301,-24.3619,591.662,131.76
-3993.14,0.992052,0.334253,4,15,0,3995.21,29.422,-14.6478,584.564,127.176
-3992.78,1,0.334253,4,15,0,3993.34,44.1471,-21.9537,600.284,128.466
-3994.28,0.870197,0.334253,2,7,0,3994.7,53.5105,-22.4179,599.891,129.754
-3993.01,0.834304,0.334253,3,11,0,3995.96,46.048,-24.167,596.766,129.238
-3993.17,0.857796,0.334253,3,15,0,3994.25,39.6441,-14.7568,587.934,129.071
-3994.4,0.978374,0.334253,3,7,0,3994.97,36.6882,-25.7748,588.296,124.941
-3993.95,0.99952,0.334253,3,7,0,3994.82,38.5258,-25.2661,590.874,125.151
-3992.59,0.981104,0.334253,3,7,0,3994.85,37.1626,-16.8832,591.761,126.795
-3992.57,0.933374,0.334253,2,7,0,3993.91,38.2949,-17.1657,588.428,128.086
-3993.47,0.912547,0.334253,4,15,0,3994.24,41.5295,-19.1914,588.658,126.361
-3993.04,1,0.334253,4,15,0,3994.12,32.6179,-12.6474,586.122,126.863
-3993.71,0.94815,0.334253,3,11,0,3995.43,38.558,-11.7492,593.945,128.75
-3994.06,0.782595,0.334253,4,15,0,3997.21,39.0886,-14.5607,597.865,125.45
-3994.24,0.946962,0.334253,3,7,0,3995.81,47.1953,-19.596,594.869,124.976
-3997.5,0.643357,0.334253,4,15,0,4000.77,50.0755,-31.3729,613.975,131.953
-3997.04,0.996808,0.334253,3,7,0,3998.02,66.3455,-30.5962,611.253,130.035
-3994.47,0.864015,0.334253,3,7,0,3999.25,53.0672,-26.23,611.969,130.891
-3993.09,1,0.334253,3,15,0,3995.67,34.6516,-15.4639,590.92,131.141
-3994.66,0.957236,0.334253,3,7,0,3994.91,34.4136,-19.9747,580.631,132.26
-3995.86,0.985862,0.334253,3,7,0,3996.88,29.8626,-25.3645,583.762,132.086
-3994.19,1,0.334253,3,7,0,3996.76,34.0286,-18.9061,582.54,132.72
-3995.15,0.993331,0.334253,3,15,0,3996.73,61.606,-23.6973,615.118,126.533
-3993.9,0.995187,0.334253,3,15,0,3995.97,37.6655,-23.1208,587.125,131.707
-3994.1,0.89743,0.334253,3,7,0,3997.59,40.8026,-27.6558,596.958,129.839
-3994.01,0.996627,0.334253,3,15,0,3995.32,36.9103,-24.8402,585.167,128.485
-3993.94,0.99269,0.334253,2,3,0,3994.33,36.0463,-25.4359,586.247,128.446
-3994.04,0.99081,0.334253,3,7,0,3994.86,34.8664,-24.9279,586.873,126.087
-3994.55,0.989996,0.334253,3,15,0,3994.91,31.4239,-24.002,585.122,125.501
-3996.2,0.955098,0.334253,3,7,0,3996.98,36.5903,-26.7472,584.637,123.097
-3997.22,0.983854,0.334253,3,15,0,3999.22,38.6472,-10.6129,596.499,122.775
-3996.35,1,0.334253,1,1,0,3997.19,38.1402,-11.5762,596.209,122.961
-3992.97,0.88298,0.334253,2,3,0,3997.79,37.6812,-14.8775,591.423,125.948
-3994.19,0.86157,0.334253,4,15,0,3996.39,33.2323,-16.9997,589.009,133.577
-3994.04,0.893252,0.334253,3,7,0,3996.16,34.1184,-14.4362,594.494,131.004
-3992.96,0.991955,0.334253,2,7,0,3996.16,39.0537,-14.3793,592.933,126.752
-3993.41,0.878201,0.334253,2,3,0,3994.67,37.5818,-13.8591,591.976,125.388
-3993.73,0.99053,0.334253,3,15,0,3994.23,41.0873,-14.1425,595.783,125.471
-3994.03,0.959692,0.334253,4,15,0,3994.79,36.4972,-11.3341,594.419,129.135
-3997.29,0.797804,0.334253,3,7,0,4000.77,30.656,-22.9901,585.337,120.829
-3994.52,0.981049,0.334253,3,7,0,3998.39,37.8871,-23.7254,585.187,125.024
-3997.93,0.74709,0.334253,3,15,0,3999.6,54.6364,-26.8076,593.658,129.987
-3993.54,1,0.334253,2,3,0,3998,46.213,-26.5402,602.781,129.102
-3993.6,0.994686,0.334253,3,15,0,3995.64,37.8691,-23.4766,586.075,128.756
-3993.95,0.972442,0.334253,4,15,0,3997.16,50.7796,-29.2774,603.121,129.061
-3993.71,0.987984,0.334253,4,15,0,3995.08,53.4894,-21.5905,608.817,131
-3993.63,0.952013,0.334253,3,7,0,3995.05,53.8812,-22.6269,610.064,129.044
-3996.43,0.494034,0.334253,2,3,0,3997.71,52.7589,-19.8777,617.274,129.278
-3994.7,1,0.334253,3,15,0,3996.69,31.3131,-25.4091,586.16,128.89
-3992.78,0.945576,0.334253,3,15,0,3996.44,44.912,-21.3398,598.977,130.617
-3993.77,0.900782,0.334253,3,11,0,3995.05,43.9551,-25.2486,591.368,128.804
-3993.4,0.995076,0.334253,2,7,0,3994.13,43.7233,-23.7896,602.031,127.879
-3993.07,0.997608,0.334253,4,15,0,3994.19,45.1361,-16.3748,595.527,129.294
-3994.04,0.980647,0.334253,3,7,0,3994.9,29.4632,-21.2957,584.033,129.293
-3993.35,0.994176,0.334253,3,7,0,3994.95,33.5419,-11.7583,588.042,126.762
-3992.96,0.981463,0.334253,4,15,0,3994.51,37.0274,-18.0276,586.519,130.725
-3993.42,0.798817,0.334253,2,7,0,3996.51,39.8564,-13.8974,595.479,126.36
-3994.52,0.97713,0.334253,3,11,0,3995.32,47.3117,-26.2377,597.79,133.27
-3993.88,0.858115,0.334253,3,15,0,3996.35,38.1265,-21.1846,594.995,132.702
-3992.66,0.978289,0.334253,3,15,0,3994.73,37.5057,-20.1203,588.908,127.235
-3994.06,0.884431,0.334253,4,15,0,3994.53,38.5424,-18.3771,599.107,131.724
-3994.63,0.994895,0.334253,4,15,0,3995.55,51.2763,-23.006,597.988,125.504
-3993.06,1,0.334253,4,15,0,3994.97,40.7336,-20.9872,598.438,127.006
-3995.61,0.849456,0.334253,3,11,0,3997.03,32.7152,-13.8819,595.887,132.411
-3994.69,0.849042,0.334253,3,9,0,3999.23,47.8792,-28.73,598.403,124.851
-3994.47,1,0.334253,3,7,0,3994.88,45.4272,-27.4682,600.027,124.441
-3994.63,0.952317,0.334253,4,15,0,3996.21,55.8268,-22.7978,610.623,133.226
-3993.04,0.745731,0.334253,4,15,0,3997.73,34.8469,-18.2186,583.786,127.05
-3994.27,0.907447,0.334253,2,3,0,3994.58,35.1898,-17.9954,579.985,126.63
-3993.78,0.999082,0.334253,4,15,0,3995.7,28.0379,-10.3747,578.612,129.034
-3993.03,0.997847,0.334253,3,15,0,3994.61,32.0998,-12.002,584.972,128.277
-3994.2,0.86346,0.334253,3,11,0,3995.3,43.6265,-17.5944,588.724,131.309
-3995.14,0.954837,0.334253,3,7,0,3996.98,40.4287,-29.7887,589.55,130.608
-3994.15,0.8955,0.334253,4,15,0,3997.85,49.8999,-16.649,598.324,128.073
-3993.49,0.950266,0.334253,2,7,0,3995.16,38.4926,-20.8448,597.749,130.124
-3993.12,0.91234,0.334253,3,11,0,3996.78,43.0933,-24.5365,593.724,129.489
-3992.93,0.989095,0.334253,3,15,0,3994.52,41.0723,-22.5148,594.395,130.69
-3992.47,0.99951,0.334253,3,15,0,3993.36,35.3213,-16.4616,587.588,127.984
-3993.43,0.68276,0.334253,2,3,0,3995.71,35.0455,-16.3364,594.623,129.762
-3998.72,0.88973,0.334253,3,15,0,4003.22,52.7008,-11.4715,608.154,127.153
-3994.95,0.845214,0.334253,3,7,0,4001.22,47.8656,-15.2687,604.327,125.256
-3992.89,0.995839,0.334253,3,7,0,3995.34,46.7185,-18.2219,601.212,128.115
-3992.58,0.996249,0.334253,3,15,0,3993.68,37.6032,-16.3718,590.439,126.749
-3993.76,0.987501,0.334253,3,7,0,3994.1,26.3245,-14.3981,578.229,129.566
-3994.44,0.98169,0.334253,3,15,0,3995.47,28.2657,-19.9479,579.341,125.412
-3993.22,0.991033,0.334253,3,7,0,3996.93,31.4977,-18.1441,585.422,130.457
-3992.83,0.932516,0.334253,3,15,0,3995.06,39.3485,-22.2924,593,129.894
-3993.45,0.972829,0.334253,3,11,0,3994,52.429,-22.5265,608.664,129.244
-3993.58,0.923066,0.334253,4,15,0,3995.24,29.6007,-15.8682,579.428,125.98
-3997.66,0.939011,0.334253,3,15,0,3998.74,39.2771,-13.31,590.563,138.503
-3994.87,0.867439,0.334253,3,7,0,4002.69,33.4406,-14.9995,582.165,134.473
-3993,0.997162,0.334253,3,7,0,3995.3,31.0519,-13.0233,585.823,127.438
-3993.84,0.896752,0.334253,3,15,0,3995.82,47.7385,-16.7497,596.237,127.251
-3995.41,0.958564,0.334253,4,15,0,3997.87,42.1738,-28.6535,595.369,133.575
-3994.27,0.7355,0.334253,3,7,0,4002.23,42.8473,-11.9896,595.752,128.601
-3994.27,0.837192,0.334253,2,3,0,3996.39,42.8473,-11.9896,595.752,128.601
-3995.11,0.957304,0.334253,3,15,0,3996.26,41.912,-13.7381,604.101,129.418
-3995.19,0.999062,0.334253,4,15,0,3997.11,33.1121,-19.9204,576.426,127.512
-3996.17,0.9272,0.334253,4,15,0,3998.8,30.3272,-25.1232,591.745,128.169
-3994.41,0.999075,0.334253,3,7,0,3996.3,44.2331,-21.1279,588.168,127.769
-3992.8,0.787254,0.334253,3,11,0,3998.26,35.1434,-20.2571,589.532,129.056
-3994.79,0.956039,0.334253,3,7,0,3995.57,40.1011,-28.976,589.237,130.019
-3993.57,0.756983,0.334253,2,7,0,3998.03,42.7926,-22.5512,602.497,128.351
-3995.95,0.967709,0.334253,2,7,0,3998.36,58.1663,-19.7743,608.462,124.871
-3994,0.947375,0.334253,3,7,0,3997.4,44.3395,-28.9757,596.418,127.332
-3995.57,0.937995,0.334253,3,7,0,3996.18,44.5365,-33.852,597.936,129.28
-3993.89,1,0.334253,3,7,0,3995.53,46.861,-28.9156,598.361,128.879
-3993.4,0.999908,0.334253,3,7,0,3994.19,47.0033,-25.7829,601.404,130.638
-3993.81,0.935194,0.334253,3,15,0,3997.14,26.1427,-10.8849,578.806,129.35
-3995.43,0.886431,0.334253,3,7,0,3995.8,30.5507,-9.45557,575.748,130.733
-3995.5,1,0.334253,3,7,0,3996.19,25.7228,-14.7189,584.935,132.464
-3994.52,0.912289,0.334253,2,3,0,3997.97,29.3502,-11.983,582.554,133.453
-3997.35,0.900192,0.334253,2,3,0,3997.72,28.8738,-10.5261,575.218,136.062
-3995.03,0.97407,0.334253,3,15,0,3998.54,42.3935,-20.485,588.056,123.912
-3994.26,0.986881,0.334253,4,15,0,3997.49,54.1363,-20.7385,609.704,132.335
-3993.27,0.371161,0.334253,3,11,0,4001.74,39.9524,-22.4891,597.883,127.203
-3993.35,0.934384,0.334253,2,7,0,3995.06,41.5617,-17.7449,599.715,126.193
-3993.77,0.972416,0.334253,3,7,0,3994.45,41.0023,-25.9982,590.669,130.069
-3996.35,0.948488,0.334253,3,11,0,3997.77,27.6381,-26.5976,579.762,130.135
-3995.38,0.950157,0.334253,3,7,0,3999.03,40.5091,-12.5964,590.159,123.699
-3993.29,1,0.334253,3,7,0,3996.16,32.4275,-16.6611,589.234,125.869
-3993.25,0.97108,0.334253,3,15,0,3994.19,41.1056,-19.8818,588.181,127.637
-3993.52,0.99771,0.334253,3,15,0,3993.84,30.9312,-19.4157,587.865,127.626
-3995.19,0.915767,0.334253,3,7,0,3996.73,37.4318,-17.8782,582.711,133.978
-3992.47,0.991497,0.334253,4,15,0,3996.7,36.9016,-18.126,591.794,128.733
-3995.63,0.948461,0.334253,4,15,0,3997.11,25.1656,-20.8309,573.845,127.267
-3994.47,0.999354,0.334253,3,7,0,3996.29,27.8662,-18.563,577.351,125.528
-3995.04,0.960484,0.334253,3,7,0,3996.4,24.0769,-13.3253,577.714,124.113
-3994.87,0.978578,0.334253,3,15,0,3996.62,32.2086,-13.1376,588.323,134.486
-3992.96,0.997061,0.334253,3,15,0,3995.45,39.7653,-15.1372,589.292,129.985
-3992.89,0.99734,0.334253,3,7,0,3993.33,39.2965,-14.0249,591.415,129.789
-3995.21,0.853355,0.334253,3,7,0,3996.63,44.4031,-18.6767,595.295,135.918
-3995.56,0.749261,0.334253,2,7,0,3998.56,47.0547,-20.0378,590.135,132.919
-3997.1,0.636571,0.334253,3,11,0,4001.99,30.5323,-26.4848,574.98,130.047
-3995.43,0.808307,0.334253,1,3,0,3999.88,28.7762,-25.0903,583.679,129.902
-3995.85,0.973191,0.334253,3,15,0,3997.17,31.6096,-22.3547,576.938,132.017
-3994.22,0.97307,0.334253,3,7,0,3997.95,27.3474,-17.1185,580.651,131.376
-3993.09,0.999214,0.334253,4,15,0,3994.67,45.3207,-18.2312,598.1,126.077
-3993.22,0.724935,0.334253,2,3,0,3995.33,39.5832,-19.9045,595.888,125.282
-3993.62,0.920648,0.334253,4,15,0,3994.81,50.1248,-21.6625,601.697,132.362
-3993.05,0.998954,0.334253,3,15,0,3994.25,40.1804,-19.4041,592.657,125.131
-3993.05,0.449433,0.334253,2,7,0,3999.25,40.1804,-19.4041,592.657,125.131
-3992.52,0.992472,0.334253,3,15,0,3993.25,37.5493,-16.5372,588.218,128.234
-3992.94,0.980216,0.334253,4,15,0,3993.41,41.6571,-24.1077,593.453,128.189
-3995.59,0.843763,0.334253,4,15,0,3996.57,36.3832,-16.8139,582.424,122.712
-3994.79,1,0.334253,2,3,0,3995.8,31.3971,-16.8868,586.076,122.563
-3996.17,0.87347,0.334253,3,15,0,4002.13,24.8382,-8.41048,577.748,133.997
-3997.76,0.928228,0.334253,3,7,0,3998.47,24.6026,-5.84793,574.441,133.845
-3997.76,0.272687,0.334253,1,1,0,3999.61,24.6026,-5.84793,574.441,133.845
-3994.83,1,0.334253,4,15,0,3999.88,57.252,-24.2003,612.638,133.117
-3996.55,0.864544,0.334253,3,7,0,3998.09,63.3707,-18.6997,617.076,131.061
-3994.5,1,0.334253,3,7,0,3996.96,53.2428,-24.1952,609.739,133.061
-3992.9,1,0.334253,3,7,0,3994.7,46.2392,-21.3517,598.286,130.907
-3996.29,0.926351,0.334253,3,7,0,3996.87,56.3126,-25.6826,616.216,134.425
-3994.25,0.79167,0.334253,4,15,0,3998.9,45.2883,-19.1132,607.036,129.204
-3993.74,0.963052,0.334253,4,15,0,3995.39,34.8956,-11.6232,591.729,126.839
-3993.53,0.987845,0.334253,3,7,0,3994.35,29.3968,-18.695,582.961,129.575
-3995.51,0.979251,0.334253,3,7,0,3996.23,24.2345,-18.2945,573.169,125.9
-3993.38,0.957539,0.334253,3,7,0,3996.55,29.6424,-14.6509,578.706,128.935
-3995.02,0.915779,0.334253,3,15,0,3995.99,40.2676,-14.6709,588.736,123.319
-3993.4,1,0.334253,3,7,0,3995.53,36.3198,-23.3951,591.188,126.527
-3994.74,0.988955,0.334253,3,7,0,3995.49,41.2336,-20.1661,592.201,122.443
-3993.79,0.887196,0.334253,3,7,0,3996.36,44.8183,-18.3919,594.257,124.85
-3993.24,0.999919,0.334253,4,15,0,3994.22,34.0295,-14.6179,586.829,131.987
-3994.13,0.856429,0.334253,4,15,0,3997.96,43.5634,-23.1369,599.213,123.838
-3992.95,0.972044,0.334253,3,15,0,3994.91,38.2825,-16.7764,593.87,125.798
-3992.4,0.971023,0.334253,3,7,0,3993.36,37.179,-17.1971,589.33,128.304
-3993.35,0.948276,0.334253,3,7,0,3993.72,27.6765,-12.6093,580.551,129.034
-3995.92,0.975994,0.334253,3,7,0,3996.14,19.8229,-8.86524,570.172,129.533
-3994.21,0.917023,0.334253,3,15,0,3999.34,28.1146,-18.1868,583.501,131.134
-3992.79,1,0.334253,3,7,0,3994.22,34.071,-15.112,584.192,129.415
-3992.98,0.99547,0.334253,3,15,0,3993.24,33.1928,-19.747,587.607,129.104
-3993.94,0.993907,0.334253,3,7,0,3994.35,37.8955,-16.6843,589.301,123.513
-3994.62,0.968509,0.334253,3,7,0,3995.08,35.1415,-17.3377,591.172,122.637
-3995.23,0.893841,0.334253,4,23,0,3998.95,41.5805,-31.4808,597.498,126.568
-3993.89,0.998379,0.334253,2,7,0,3996.27,43.4462,-28.4058,597.166,127.12
-3992.41,0.998002,0.334253,3,15,0,3994.13,39.7602,-17.1907,592.062,128.042
-3993.41,0.984165,0.334253,3,15,0,3993.69,29.4913,-14.6969,582.186,125.581
-3993.11,0.961416,0.334253,2,7,0,3997.23,34.5272,-21.6347,586.601,128.933
-3993.13,0.959597,0.334253,3,7,0,3993.73,35.3588,-12.0423,589.23,128.196
-3994.32,0.865112,0.334253,2,3,0,3994.81,39.1008,-10.7552,590.222,128.385
-3996.82,0.623826,0.334253,3,7,0,3999.75,33.4822,-22.4628,597.608,132.585
-3995.65,0.975707,0.334253,3,7,0,3998.22,40.5111,-18.0206,584.419,134.172
-3993.21,1,0.334253,3,7,0,3995.59,34.8703,-16.854,588.878,132.082
-3993.24,0.961568,0.334253,3,15,0,3994.19,38.854,-16.1097,588.764,131.977
-3992.63,0.992065,0.334253,3,7,0,3994.02,42.3498,-21.4582,594.546,129.932
-3993.9,0.962568,0.334253,3,7,0,3994.81,38.6726,-26.6558,589.688,129.345
-3993.44,0.960698,0.334253,3,11,0,3996.35,50.4985,-19.1699,605.639,127.503
-3994.79,0.890406,0.334253,3,15,0,3995.9,34.8071,-27.0042,586.966,125.539
-3992.93,0.999021,0.334253,3,7,0,3995.27,43.5264,-23.8958,595.148,127.38
-3995.57,0.974298,0.334253,4,15,0,3996.18,24.0802,-18.4381,575.254,131.167
-3994.18,0.97589,0.334253,3,7,0,3997.2,31.0048,-12.771,588.379,124.602
-3992.5,0.954159,0.334253,3,15,0,3995.17,37.7566,-17.5963,591.344,126.947
-3993.23,0.942998,0.334253,3,15,0,3995.3,39.7036,-25.1165,593.433,128.385
-3993.96,0.977948,0.334253,4,15,0,3994.19,49.8732,-17.219,607.298,129.266
-3994.85,0.889005,0.334253,4,15,0,3996.04,50.9198,-31.8401,601.24,129.683
-3992.82,0.990441,0.334253,4,15,0,3995.36,31.7499,-15.5397,585.919,127.068
-3992.67,0.996768,0.334253,3,15,0,3993.83,44.606,-17.5359,596.822,128.817
-3993.23,0.964867,0.334253,4,15,0,3993.78,31.0437,-18.8277,585.61,126.932
-3994.4,0.850698,0.334253,3,7,0,3996.69,31.0948,-10.0071,587.698,125.804
-3994.13,0.981647,0.334253,4,15,0,3998.08,50.8452,-19.2025,603.921,125.169
-3993.38,0.991442,0.334253,3,7,0,3994.5,48.1772,-20.6909,605.864,127.402
-3994.26,0.873297,0.334253,4,15,0,3995.82,43.0056,-24.7347,588.532,128.229
-3997.4,0.83877,0.334253,3,15,0,3998.5,55.3721,-29.653,596.636,131.035
-3996.5,1,0.334253,3,7,0,4000,43.1989,-17.1976,609.21,127.19
-3995.79,0.999347,0.334253,4,15,0,3997.17,34.2266,-8.29641,592.307,130.063
-3993.13,0.994558,0.334253,3,7,0,3997.47,41.4494,-20.2457,593.497,132.156
-3993.24,0.956494,0.334253,3,15,0,3995.9,34.4712,-13.4656,590.975,130.816
-3995.46,0.921504,0.334253,3,7,0,3996.57,37.5205,-25.8155,590.877,134.169
-3994.99,0.995331,0.334253,3,15,0,3997.5,36.9482,-13.201,587.53,134.988
-3997.25,0.746692,0.334253,3,7,0,4001.76,30.8112,-20.9069,592.172,134.983
-3994.7,0.958646,0.334253,3,15,0,3999.79,38.9003,-25.0472,584.894,130.639
-3994.34,0.702328,0.334253,3,7,0,4001.03,23.6603,-10.4081,577.75,127.314
-3993.18,0.967598,0.334253,3,15,0,3995.28,30.8506,-18.8662,583.608,127.536
-3994.07,0.959613,0.334253,2,7,0,3995.86,29.7677,-21.8193,581.265,128.567
-3993.14,0.982265,0.334253,3,7,0,3994.41,33.0125,-18.4212,582.233,129.039
-3993.22,0.979461,0.334253,4,15,0,3995.03,43.8719,-18.6067,599.835,125.708
-3992.86,0.995844,0.334253,3,7,0,3993.51,41.2706,-20.136,592.894,125.888
-3993.2,0.977259,0.334253,4,15,0,3994.17,37.6928,-23.2435,588.023,127.874
-3993,0.997203,0.334253,3,15,0,3994.06,36.9631,-21.7371,588.266,126.812
-3993.21,0.956326,0.334253,3,7,0,3996.08,47.9791,-17.9717,603.522,128.079
-3992.48,0.620155,0.334253,2,7,0,3996.38,38.7723,-19.409,593.08,127.437
-3993.46,0.678235,0.334253,2,5,0,3996.29,43.2248,-23.4917,595.02,125.102
-3993.33,0.999351,0.334253,4,15,0,3993.86,41.1079,-17.0681,593.15,132.76
-3993.55,0.957784,0.334253,3,15,0,3995.06,42.4057,-15.406,597.949,132.264
-3993.42,0.829451,0.334253,4,23,0,3995.46,36.2689,-18.3564,582.901,129.22
-3993.5,0.989863,0.334253,3,15,0,3994.44,43.1248,-16.7125,599.957,132.055
-3994.42,0.964066,0.334253,3,15,0,3995.92,56.7322,-21.7305,608.48,132.287
-3993.65,0.933686,0.334253,3,15,0,3997.32,38.2105,-16.7883,591.8,123.898
-3992.94,0.993298,0.334253,3,15,0,3994.78,30.9123,-16.3805,583.014,127.209
-3992.86,0.98356,0.334253,4,15,0,3993.43,39.7441,-17.2183,596.823,130.203
-3993.32,0.971581,0.334253,4,15,0,3994.3,40.4438,-22.2082,595.079,125.097
-3993.32,0.912428,0.334253,3,7,0,3995.13,41.4988,-19.6603,601.118,128.966
-3993.87,0.973086,0.334253,2,3,0,3994.32,49.2704,-20.5916,595.909,130.591
-3994.38,0.999002,0.334253,3,7,0,3994.79,40.7444,-15.6522,602.179,131.042
-3995.08,0.995509,0.334253,3,11,0,3997.71,39.7942,-9.91584,593.829,128.619
-3992.83,1,0.334253,3,7,0,3995.6,38.724,-21.6528,592.545,130.199
-3993.02,0.987303,0.334253,4,15,0,3993.7,38.1191,-18.4697,592.733,131.852
-3993.77,0.995072,0.334253,4,15,0,3994.43,34.6582,-17.579,586.31,133.156
-3993.19,0.892934,0.334253,3,15,0,3995.95,48.9343,-22.017,598.097,129.72
-3994.45,0.935806,0.334253,3,15,0,3995.7,35.1566,-12.1675,596.196,129.134
-3992.6,0.916553,0.334253,3,7,0,3996.4,38.6672,-19.2244,593.025,126.682
-3992.91,0.972083,0.334253,3,11,0,3993.51,33.5566,-14.7284,583.263,127.505
-3995.4,0.820751,0.334253,2,7,0,3996.96,30.3985,-10.4925,574.386,127.412
-3997.05,0.930418,0.334253,3,7,0,3999.14,31.362,-6.69215,578.43,127.829
-3995.95,0.970666,0.334253,4,15,0,3999.07,57.5516,-32.7766,616.756,129.093
-3995.35,1,0.334253,2,3,0,3995.85,59.3083,-32.296,615.405,129.43
-3993.49,0.99966,0.334253,5,31,0,3995.53,28.6025,-10.6723,582.019,128.416
-3994.84,0.887705,0.334253,3,7,0,3996.01,27.1914,-22.3191,579.762,127.794
-3992.96,0.799489,0.334253,3,7,0,3997.67,30.4925,-15.3043,583.787,126.956
-3994.05,0.937747,0.334253,3,7,0,3994.41,28.0483,-12.9481,585.159,125.369
-3994.09,0.929723,0.334253,3,7,0,3995.43,28.9029,-17.2401,588.233,128.64
-3993.36,0.99721,0.334253,2,7,0,3994.66,30.0514,-18.4946,581.698,127.139
-3993.18,0.966475,0.334253,2,7,0,3996.19,31.9123,-15.7217,583.798,125.549
-3992.55,0.99971,0.334253,3,7,0,3993.24,37.4675,-15.5909,589.973,129.871
-3993.66,0.913766,0.334253,3,15,0,3994.41,41.8714,-21.554,592.136,132.799
-3994.31,0.996494,0.334253,3,15,0,3995.22,57.7086,-21.0149,612.054,128.593
-3992.87,0.998835,0.334253,3,15,0,3994.35,45.7148,-23.913,597.501,128.096
-3992.93,0.985201,0.334253,3,15,0,3993.33,35.7978,-13.0735,586.918,129.19
-3992.97,0.957794,0.334253,3,7,0,3994.21,35.5945,-14.8645,593.129,129.268
-3993.73,0.880047,0.334253,2,7,0,3996.06,31.9431,-20.037,589.91,126.841
-3995.3,0.931938,0.334253,3,7,0,3996.87,30.7433,-18.2922,589.902,133.555
-3996.84,0.957618,0.334253,3,7,0,3999.44,32.0063,-11.8844,577.657,135.82
-3995.08,0.973565,0.334253,3,7,0,3998.61,34.6254,-18.9512,592.499,134.553
-3995.5,0.952087,0.334253,3,15,0,3998.64,21.7374,-10.8585,580.068,126.486
-3993.97,0.963869,0.334253,2,7,0,3997.49,30.8014,-9.8263,582.478,130.537
-3994.47,0.932884,0.334253,4,15,0,3995.66,48.4695,-29.2639,605.382,126.364
-3993.68,1,0.334253,4,15,0,3994.97,49.3309,-22.3398,604.386,125.329
-3993.92,0.919237,0.334253,3,7,0,3996.38,43.8948,-18.9541,600.462,124.292
-3993.57,0.912975,0.334253,4,15,0,3995.73,43.6816,-24.3543,600.844,126.102
-3994.67,0.994273,0.334253,4,15,0,3995.28,39.5938,-26.956,589.403,124.817
-3992.99,0.953051,0.334253,2,7,0,3999.13,41.5937,-23.7905,593.06,127.202
-3993.67,0.970447,0.334253,4,15,0,3994.81,37.2673,-12.5136,591.939,131.907
-3995.36,0.888442,0.334253,3,7,0,3996.35,30.6545,-26.5995,585.994,126.509
-3993.9,1,0.334253,2,3,0,3995.46,36.2529,-25.1159,586.29,127.181
-3993.93,0.974761,0.334253,3,7,0,3994.86,36.9944,-24.3001,592.519,125.26
-3994.95,0.996348,0.334253,3,7,0,3995.2,36.0277,-26.1702,584.546,125.259
-3997.49,0.806267,0.334253,2,3,0,3998.09,38.418,-27.2091,581.165,124.144
-3996.18,1,0.334253,3,7,0,3998.03,39.7145,-27.4448,585.243,124.244
-3995.53,0.993399,0.334253,4,15,0,3997.88,52.5127,-15.8092,601.576,126.125
-3995.76,0.813467,0.334253,4,15,0,3998.8,40.9556,-30.737,595.38,132.582
-3993.41,0.963714,0.334253,3,7,0,3996.61,43.8999,-26.1643,599.188,127.185
-3993.05,0.968109,0.334253,3,9,0,3995.98,47.531,-17.7732,598.638,128.94
-3992.83,0.977081,0.334253,3,15,0,3996.91,35.4576,-17.81,586.689,130.687
-3993.3,0.97882,0.334253,3,7,0,3993.94,34.3055,-19.8301,586.151,131.258
-3993.67,0.989076,0.334253,2,3,0,3993.81,34.7275,-20.7452,585.397,131.771
-3993.47,0.965547,0.334253,3,7,0,3994.72,31.5361,-19.6516,588.21,129.297
-3992.97,0.852564,0.334253,3,11,0,3996.61,40.1058,-22.1275,596.794,127.31
-3994.18,0.954577,0.334253,4,15,0,3996.08,45.3701,-26.1961,593.887,131.64
-3995.29,0.979667,0.334253,3,7,0,3995.89,38.3828,-27.1884,592.589,133.335
-3995.82,0.919104,0.334253,4,15,0,3999.45,35.86,-28.1761,585.727,124.069
-3996.11,0.976309,0.334253,3,15,0,3998.48,39.3904,-11.6366,590.851,122.811
-3995.89,0.996967,0.334253,3,7,0,3998.06,33.5048,-14.9604,591.856,121.767
-3994.2,1,0.334253,3,7,0,3996.5,43.1945,-19.0907,591.615,124.055
-3998.44,0.969755,0.334253,3,7,0,3999.28,38.7564,-29.0676,596.188,120.531
-3993.7,0.97855,0.334253,3,7,0,3999.35,36.9986,-12.5819,595.113,130.057
-3993.25,0.993281,0.334253,3,7,0,3994.76,33.8291,-17.9312,583.507,130.911
-3993.45,0.999615,0.334253,4,15,0,3994.05,30.4757,-11.3756,585.618,126.874
-3994.21,0.849209,0.334253,3,7,0,3995.64,29.1801,-18.5544,577.382,130.042
-3993.44,0.970886,0.334253,3,15,0,3995.72,39.0975,-14.277,593.594,125.417
-3993.95,0.997291,0.334253,3,7,0,3994.55,38.3585,-18.0458,591.807,123.31
-3994.98,0.842877,0.334253,3,15,0,3998.85,34.4408,-11.3015,580.822,125.344
-3995.48,1,0.334253,4,15,0,3996.62,28.2965,-18.6125,577.43,133.366
-3993.12,0.994453,0.334253,3,7,0,3996.77,33.9711,-21.0362,587.159,126.837
-3993.54,0.975428,0.334253,2,7,0,3995.09,32.7125,-22.5542,585.843,128.364
-3992.72,0.98843,0.334253,2,7,0,3994.54,41.7741,-15.9697,594.31,127.507
-3993.37,0.872808,0.334253,3,7,0,3994.59,33.468,-14.9165,592.522,127.705
-3992.43,0.986394,0.334253,3,15,0,3993.7,36.5802,-17.8921,590.777,128.343
-3993.13,0.989181,0.334253,3,7,0,3993.28,32.3755,-18.6123,583.385,126.584
-3993.6,0.982467,0.334253,4,15,0,3994.13,51.2569,-25.0302,602.292,131.169
-3994.31,0.942163,0.334253,3,7,0,3994.62,47.4248,-24.4628,606.338,132.177
-3993.53,1,0.334253,4,15,0,3994.88,29.1099,-12.9756,583.199,125.574
-3995.03,0.862741,0.334253,2,3,0,3995.24,25.3502,-13.4325,584.884,125.575
-3994.77,0.979206,0.334253,3,7,0,3998.68,34.521,-15.8833,584.978,122.493
-3999.05,0.667703,0.334253,3,15,0,4003.73,39.3924,-7.25583,588.008,126.62
-3993.69,0.927768,0.334253,3,7,0,4002.09,33.5277,-13.603,579.986,128.43
-3995.83,0.97974,0.334253,3,7,0,3996.14,20.7709,-14.2339,576.652,130.096
-3994.83,0.982051,0.334253,3,7,0,3997.48,23.3837,-11.5149,579.443,125.544
-3993.5,0.994772,0.334253,2,7,0,3996.36,30.2746,-10.6023,582.005,127.866
-3997.92,0.754195,0.334253,3,7,0,3998.98,19.7763,-19.1963,575.952,131.491
-3996.62,0.989889,0.334253,3,7,0,3999.23,23.2075,-22.0618,575.055,130.383
-3995.16,0.972812,0.334253,3,15,0,4000.66,43.4985,-13.9281,593.746,134.692
-3993.7,0.991551,0.334253,3,7,0,3996,36.2711,-25.0264,591.391,129.146
-3992.75,0.903592,0.334253,3,15,0,3995.43,36.1719,-17.7559,589.558,130.878
-3994.19,0.96924,0.334253,3,7,0,3994.74,28.5917,-18.7788,578.686,130.647
-3996.49,0.932924,0.334253,3,15,0,4001.07,47.6903,-11.1779,600.361,131.607
-3996.38,0.993189,0.334253,4,15,0,3998.37,48.918,-36.1023,604.546,126.74
-3994.58,0.966104,0.334253,3,7,0,3997.71,49.5824,-31.3252,604.573,129.511
-3994.98,0.982183,0.334253,3,7,0,3995.38,53.3778,-32.5895,604.257,128.16
-3996.29,0.949063,0.334253,4,15,0,3997.15,25.1769,-14.3608,574.332,134.371
-3995.96,0.950573,0.334253,3,7,0,3998.29,25.5587,-18.2811,571.977,131.271
-3993.72,1,0.334253,3,7,0,3996.43,38.5944,-11.6155,592.407,130.067
-3993.4,0.838398,0.334253,2,7,0,3996.97,33.5002,-18.8986,583.333,125.673
-3993.28,0.946508,0.334253,3,7,0,3994.66,37.7449,-21.335,585.661,128.244
-3993.59,0.994187,0.334253,3,15,0,3994.6,45.6688,-20.1755,602.805,125.431
-3996.74,0.907512,0.334253,2,3,0,3997.75,54.806,-17.2353,612.203,124.233
-3994.76,0.983239,0.334253,3,7,0,3998.99,44.0576,-23.748,596.109,134.674
-3995.01,0.996197,0.334253,3,15,0,3995.94,53.4134,-22.2996,608.782,123.922
-3994.38,0.816943,0.334253,3,7,0,3996.54,42.4223,-27.8723,597.033,131.751
-3993.51,0.999435,0.334253,4,15,0,3994.56,30.3355,-19.8864,582.491,129.027
-3995.93,0.931951,0.334253,4,15,0,3997.43,47.9851,-29.6577,607.826,132.863
-3995.03,0.961199,0.334253,4,15,0,3999.56,32.0416,-10.1932,593.119,129.013
-3994.64,0.998743,0.334253,3,15,0,3995.9,40.5977,-28.2867,598.666,130.001
-3994.09,0.984235,0.334253,3,15,0,3995.61,38.9748,-13.8799,599.155,130.48
-3994.62,0.998282,0.334253,3,15,0,3995.4,35.6883,-17.2726,581.122,132.675
-3994.13,0.988422,0.334253,4,15,0,3996.7,45.7872,-19.7163,601.053,134.039
-3992.87,0.8744,0.334253,2,7,0,3995.94,39.1002,-22.2008,591.863,130.094
-3992.71,0.928836,0.334253,4,19,0,3993.79,43.1664,-19.3568,597.949,130.655
-3993.2,0.910187,0.334253,4,23,0,3994.63,35.9166,-15.5144,583.386,127.757
-3992.98,1,0.334253,2,7,0,3993.37,34.9482,-17.8587,592.731,127.728
-3994.61,0.948713,0.334253,4,15,0,3996.37,28.8294,-16.3225,574.981,130.561
-3993.5,1,0.334253,3,7,0,3994.81,32.5915,-12.2785,590.418,129.562
-3996.05,0.906679,0.334253,3,7,0,3996.68,33.2995,-27.0524,580.496,125.18
-3993.69,0.927373,0.334253,3,7,0,3999.97,34.4739,-19.694,585.768,132.344
-3995.5,0.975833,0.334253,3,7,0,3995.79,33.9871,-21.5516,586.468,135.008
-3996.33,0.983444,0.334253,3,15,0,3999.3,36.1342,-31.7405,587.786,131.016
-3993.68,0.999161,0.334253,3,7,0,3997.55,52.3077,-24.6945,605.605,131.596
-3993.11,0.927409,0.334253,3,7,0,3994.4,41.6901,-23.1237,598.909,129.215
-3995.08,0.873658,0.334253,3,15,0,3995.71,53.7335,-20.1322,598.224,129.978
-3995.6,0.998854,0.334253,3,7,0,3997.04,41.2859,-32.2472,598.257,129.418
-3995.77,0.991717,0.334253,3,15,0,3999.11,36.4857,-24.146,586.085,122.287
-3993.53,0.992633,0.334253,3,7,0,3998.04,28.8759,-11.867,579.959,126.544
-3994.58,0.967966,0.334253,4,15,0,3995.83,35.4689,-16.5728,586.027,122.674
-3993.94,0.945352,0.334253,3,15,0,3996.14,25.7871,-12.2748,581.56,129.735
-3995.18,0.998945,0.334253,3,7,0,3995.31,23.1549,-9.23242,571.238,128.352
-3994.29,0.954592,0.334253,2,7,0,3997.69,29.2046,-12.5837,576.109,126.188
-3995.29,0.950808,0.334253,4,15,0,3996.36,48.7558,-27.4216,609.719,125.892
-3993.53,0.970442,0.334253,2,5,0,3996.15,50.4697,-26.5301,604.791,127.155
-3993.65,0.915627,0.334253,4,15,0,3995.02,27.9739,-17.4298,582.729,129.28
-3993.4,0.988038,0.334253,3,15,0,3995.38,27.4773,-14.4729,582.345,128.273
-3994.67,0.781237,0.334253,3,7,0,3996.86,31.7253,-20.3963,592.767,129.735
-3993.97,0.958678,0.334253,3,11,0,3996.16,44.8366,-26.0539,592.289,129.733
-3993.68,0.96511,0.334253,3,15,0,3996.32,28.6272,-14.027,581.631,125.13
-3993.82,0.977053,0.334253,4,15,0,3996.36,54.8031,-24.7715,608.543,131.19
-3994.06,0.983222,0.334253,4,15,0,3995.3,48.616,-15.6417,603.826,131.146
-3993.19,0.999925,0.334253,4,15,0,3995.05,42.4227,-18.1369,597.974,125.415
-3993.25,0.922656,0.334253,3,11,0,3994.36,33.4956,-17.427,588.689,131.563
-3994.26,0.772012,0.334253,2,3,0,3996.81,42.0651,-17.9063,587.586,132.237
-3994.05,0.960076,0.334253,3,7,0,3996.93,36.2639,-18.5844,587.333,133.755
-3993.1,0.993652,0.334253,3,11,0,3994.45,37.698,-15.0852,594.645,126.545
-3995.39,0.938079,0.334253,3,15,0,3996.33,43.5531,-33.0584,598.511,129.018
-3995.28,0.987607,0.334253,4,15,0,3998.7,21.347,-13.9595,576.771,128.803
-3997.77,0.968785,0.334253,3,7,0,3999.28,20.4933,-18.4572,568.327,124.746
-3996.57,0.98945,0.334253,3,7,0,3998.8,25.223,-6.6783,580.821,124.509
-3999.68,1,0.334253,4,15,0,4000.62,16.2078,-14.2773,564.27,132.226
-3996.53,0.968031,0.334253,3,11,0,4003.31,31.5718,-7.43264,586.163,124.813
-3995.54,1,0.334253,3,7,0,3997.95,34.9932,-26.9193,588.934,132.917
-3995.61,0.828651,0.334253,3,15,0,4000.85,42.3657,-26.8978,604.54,131.263
-3994.9,0.969678,0.334253,4,15,0,3997.31,63.3139,-26.006,615.412,129.384
-3997.79,0.940834,0.334253,3,7,0,4001.02,65.6969,-28.3763,624.326,124.116
-3995.04,0.494053,0.334253,2,7,0,4001.68,62.2756,-26.1262,613.649,126.967
-3995.83,0.987507,0.334253,4,15,0,3996.56,54.5398,-25.3422,614.619,124.572
-3997.29,0.646565,0.334253,1,1,0,3997.38,52.1963,-25.6496,616.276,124.508
-3995.63,1,0.334253,3,15,0,4001.45,59.1491,-23.4365,618.807,126.802
-3994.8,0.870905,0.334253,4,15,0,3998.4,52.016,-29.8648,610.26,127.261
-3992.62,1,0.334253,3,7,0,3994.89,46.3947,-20.718,599.373,128.959
-3993.04,0.959989,0.334253,3,7,0,3993.53,42.3368,-24.3985,597.563,129.15
-3993.24,0.999865,0.334253,3,7,0,3993.68,50.7094,-24.2326,601.961,127.67
-3993.1,0.997189,0.334253,2,3,0,3993.32,46.7247,-23.035,603.531,127.808
-3993.59,0.997846,0.334253,3,7,0,3993.71,54.0818,-25.4604,605.085,128.735
-3992.74,0.993128,0.334253,2,7,0,3995.3,43.5991,-22.3545,597.991,129.904
-3995.73,0.943762,0.334253,3,7,0,3995.85,48.4564,-24.9557,598.735,135.726
-3995.59,0.932572,0.334253,4,15,0,3997.98,44.0316,-15.5572,602.164,135.331
-3993.9,1,0.334253,3,7,0,3996.22,31.3669,-21.2766,584.935,125.49
-3994.49,0.984097,0.334253,3,7,0,3996.27,27.1524,-15.5105,579.13,124.068
-3993.69,0.9827,0.334253,4,31,0,3995.4,50.9598,-26.7643,603.283,130.845
-3995.57,0.949525,0.334253,3,7,0,3996.03,43.6444,-33.4433,599.42,128.56
# 
#  Elapsed Time: 1.603 seconds (Warm-up)
#                0.447 seconds (Sampling)
#                2.05 seconds (Total)
# 
